# Array shape: Capacity, Customer, Action (51, 103, 2)
0.00    0.00   
0.00    0.00   
0.00    0.00   
59.85   63.81  
65.36   65.59  
70.12   67.93  
70.56   80.09  
78.23   81.77  
90.60   91.35  
100.61  111.23 
119.54  124.21 
118.67  160.82 
148.40  148.82 
158.61  160.65 
157.00  166.58 
166.89  160.73 
168.32  157.61 
163.79  158.83 
141.37  153.75 
146.62  136.27 
138.20  140.05 
124.14  167.09 
157.07  157.63 
159.11  165.82 
158.03  168.59 
167.95  167.80 
163.98  188.77 
184.22  185.02 
183.39  180.03 
163.96  193.45 
180.84  183.31 
172.24  181.52 
172.33  180.21 
166.90  162.09 
155.92  155.19 
143.58  144.55 
142.33  147.62 
133.97  144.04 
118.16  144.05 
141.81  145.00 
150.75  161.14 
162.70  171.38 
196.41  189.74 
207.88  250.75 
203.56  222.26 
237.82  233.05 
228.50  236.16 
230.93  245.86 
213.84  228.90 
221.49  212.07 
210.46  220.54 
231.20  208.73 
198.65  245.27 
186.47  189.04 
169.66  188.00 
174.62  184.01 
164.06  162.00 
147.32  156.03 
134.16  135.35 
116.92  124.09 
98.91   103.95 
86.37   85.49  
89.66   93.52  
93.10   97.30  
95.29   101.90 
100.60  99.66  
95.95   102.57 
87.46   94.29  
86.49   90.13  
79.87   88.15  
80.00   83.04  
85.38   85.09  
86.41   93.57  
90.24   104.27 
86.39   97.07  
96.16   92.70  
83.79   92.35  
84.22   81.68  
72.32   73.67  
72.56   73.91  
67.43   69.20  
66.08   68.29  
69.10   71.45  
83.48   86.70  
94.49   113.14 
106.88  110.00 
111.77  104.59 
92.54   101.14 
93.84   95.14  
80.45   87.01  
72.38   78.50  
77.90   82.81  
76.73   80.93  
68.15   70.42  
69.79   72.66  
76.76   78.09  
77.79   77.01  
77.36   77.83  
70.24   72.44  
63.24   65.06  
42.90   44.76  
14.96   15.00  
0.00    0.00   
# Capacity: 1
0.00    0.00   
0.00    0.00   
62.04   62.97  
64.95   70.64  
72.97   74.94  
78.01   83.87  
83.67   86.43  
89.98   91.85  
100.32  98.22  
114.38  115.59 
130.77  139.22 
150.86  173.30 
167.26  169.36 
172.67  181.93 
175.69  192.62 
181.20  189.73 
185.35  187.34 
176.38  179.30 
164.41  164.61 
160.76  159.61 
151.29  154.21 
149.17  180.06 
166.08  177.29 
181.46  177.62 
182.01  190.28 
190.75  189.16 
194.23  198.33 
198.51  193.95 
202.85  205.04 
189.41  215.91 
194.61  195.83 
188.67  194.89 
185.16  193.53 
182.83  180.60 
172.08  170.36 
166.15  162.66 
161.54  161.56 
157.48  158.52 
147.78  160.64 
157.97  161.87 
175.29  174.59 
192.64  196.43 
210.45  219.44 
223.38  256.90 
249.34  256.02 
259.65  263.06 
257.63  263.93 
260.61  261.86 
259.89  250.19 
248.70  249.26 
253.18  255.49 
245.61  254.24 
215.33  249.74 
200.84  207.21 
202.50  201.89 
192.91  199.21 
174.21  179.86 
160.75  160.53 
152.74  148.72 
136.65  138.08 
113.15  110.16 
99.19   99.39  
101.20  104.11 
102.68  105.85 
108.40  108.92 
110.99  111.08 
106.63  110.22 
102.49  100.63 
96.34   97.49  
94.34   94.27  
90.59   91.45  
93.30   96.37  
97.52   100.69 
97.74   110.10 
99.93   103.54 
100.05  102.11 
97.95   102.31 
88.95   89.69  
83.13   83.63  
75.83   79.49  
77.63   77.24  
78.95   79.27  
81.58   85.54  
97.89   103.02 
103.71  129.47 
111.37  122.17 
115.74  116.37 
109.79  110.18 
104.16  104.88 
87.82   96.77  
85.01   91.37  
87.16   89.14  
83.38   84.37  
77.60   79.15  
79.84   80.63  
82.01   84.54  
87.23   88.62  
84.28   85.59  
78.79   80.40  
66.86   67.91  
46.81   46.81  
15.99   15.98  
0.00    0.00   
# Capacity: 2
0.00    0.00   
0.00    0.00   
62.19   62.14  
65.88   68.62  
70.86   75.36  
79.97   83.08  
84.44   87.24  
90.62   88.51  
98.74   99.94  
114.75  118.10 
132.90  140.84 
146.65  172.17 
168.23  172.33 
169.03  178.57 
178.20  191.43 
174.95  187.59 
182.63  184.84 
174.68  183.35 
166.55  160.37 
163.23  156.57 
153.43  156.16 
147.42  169.20 
166.99  175.66 
180.74  180.29 
184.64  192.01 
189.52  183.79 
192.86  197.54 
200.60  196.65 
200.68  205.80 
190.78  219.83 
194.09  190.62 
194.22  198.99 
186.49  185.16 
182.02  176.01 
170.74  168.29 
169.21  166.54 
157.84  162.21 
153.52  156.99 
147.98  158.28 
157.94  161.23 
171.61  175.31 
190.37  191.43 
212.66  213.34 
227.33  250.81 
247.84  249.91 
256.24  256.54 
260.17  269.43 
258.42  256.84 
260.98  256.66 
248.72  246.00 
250.26  243.55 
250.76  252.43 
213.94  251.86 
210.25  203.48 
197.48  202.23 
192.88  195.50 
179.18  178.18 
161.98  156.89 
151.31  151.23 
134.83  138.27 
112.80  111.00 
97.84   97.28  
100.33  104.33 
106.41  104.53 
104.39  111.08 
108.66  110.78 
106.06  112.11 
103.41  100.39 
96.63   97.99  
93.01   95.96  
90.76   89.01  
96.57   95.30  
98.51   99.18  
98.57   106.91 
98.90   104.03 
102.86  102.94 
96.87   98.94  
89.27   87.81  
83.07   83.49  
80.20   78.91  
78.28   76.94  
76.87   76.45  
83.16   81.95  
97.76   99.43  
100.17  128.67 
112.55  122.07 
115.19  114.27 
110.02  108.50 
103.30  102.61 
88.49   96.27  
83.74   90.10  
86.46   87.86  
85.11   84.43  
79.90   79.58  
79.85   80.40  
80.35   82.35  
83.40   82.47  
83.96   85.63  
76.61   79.49  
65.23   67.21  
46.82   46.80  
15.92   15.98  
0.00    0.00   
# Capacity: 3
0.00    0.00   
0.00    0.00   
58.73   62.31  
65.06   68.14  
72.48   73.69  
79.23   81.43  
85.43   88.43  
92.63   91.30  
99.83   99.82  
114.28  114.86 
134.63  136.31 
149.95  171.58 
168.45  162.35 
173.47  169.50 
182.19  185.97 
182.10  182.26 
183.16  187.00 
178.06  171.69 
170.45  163.16 
162.20  157.60 
153.67  157.38 
151.39  178.77 
170.25  169.28 
181.71  178.85 
186.27  190.09 
191.05  187.99 
189.88  201.49 
200.42  200.35 
198.57  203.41 
191.24  213.00 
193.34  194.94 
194.07  198.08 
189.56  193.06 
181.56  182.85 
172.22  167.40 
168.31  165.26 
162.54  164.50 
156.11  155.47 
150.47  159.80 
155.48  153.59 
171.57  172.64 
185.26  192.78 
211.49  215.00 
230.46  257.01 
250.88  236.70 
253.63  254.87 
265.65  263.19 
265.51  261.04 
263.51  250.99 
250.82  246.06 
252.16  248.76 
247.34  250.03 
217.79  249.98 
207.33  206.29 
207.79  198.05 
192.41  191.93 
179.76  174.80 
161.76  156.85 
149.10  147.48 
136.87  138.63 
111.58  111.35 
97.76   98.43  
100.22  103.35 
105.03  104.95 
106.96  106.55 
110.09  110.11 
110.00  110.21 
103.25  101.13 
97.46   96.87  
92.08   93.79  
93.37   90.41  
94.01   92.78  
97.22   99.58  
100.97  106.08 
101.11  101.12 
100.04  103.22 
98.11   100.13 
90.77   88.37  
81.12   82.32  
78.01   78.16  
76.83   76.89  
77.29   77.47  
83.46   84.09  
98.78   100.60 
105.06  125.11 
113.90  121.67 
115.46  116.06 
107.24  110.09 
103.30  103.50 
88.60   95.80  
84.42   88.61  
84.74   90.39  
84.79   81.64  
78.81   77.86  
81.31   78.80  
83.10   82.31  
84.38   84.79  
83.37   84.57  
78.11   76.86  
66.67   67.61  
46.86   46.71  
15.99   15.98  
0.00    0.00   
# Capacity: 4
0.00    0.00   
0.00    0.00   
59.53   59.66  
64.45   67.29  
71.99   73.74  
78.44   80.44  
85.38   86.64  
91.36   90.04  
99.81   95.46  
117.25  113.87 
135.51  136.88 
143.32  166.89 
166.47  166.56 
174.64  175.84 
181.04  179.63 
181.67  181.16 
181.62  181.38 
171.16  178.73 
167.10  164.54 
161.21  159.18 
156.14  153.37 
153.63  170.26 
165.16  169.31 
179.13  179.06 
187.10  184.67 
188.61  187.50 
191.51  198.56 
202.09  194.68 
203.43  201.67 
191.34  211.26 
190.17  198.48 
191.80  196.47 
186.09  188.70 
184.10  175.76 
177.54  169.72 
168.65  163.61 
158.42  156.78 
155.80  155.23 
149.33  152.20 
158.56  156.70 
176.31  173.97 
193.18  191.16 
213.40  215.98 
225.12  254.85 
247.06  249.45 
252.38  257.46 
264.94  260.09 
266.84  262.79 
260.62  256.26 
253.80  253.53 
251.69  246.94 
251.03  253.38 
216.35  244.87 
206.64  206.70 
201.85  199.62 
191.99  194.69 
179.77  176.71 
161.53  159.22 
151.33  147.55 
137.33  136.85 
115.92  111.35 
100.18  97.26  
99.96   102.33 
103.16  101.97 
105.59  106.97 
106.45  109.55 
107.69  109.19 
104.15  100.81 
96.56   95.44  
94.65   92.53  
93.69   92.30  
94.05   93.90  
98.28   98.56  
97.31   105.94 
102.53  101.42 
99.80   101.30 
96.63   98.83  
90.99   86.67  
81.19   81.37  
79.13   76.84  
76.88   76.16  
77.14   77.16  
84.23   83.70  
97.01   99.74  
102.64  128.79 
112.30  119.69 
114.78  114.91 
111.35  108.87 
103.13  101.69 
89.89   95.13  
84.24   85.65  
88.77   87.31  
83.97   81.53  
80.40   75.89  
80.61   76.95  
81.87   82.98  
83.20   83.54  
82.85   82.13  
76.73   78.68  
64.78   65.18  
46.88   46.81  
15.98   15.99  
0.00    0.00   
# Capacity: 5
0.00    0.00   
0.00    0.00   
61.01   61.34  
65.47   68.17  
72.44   74.98  
79.56   79.10  
83.53   87.11  
89.65   87.15  
98.54   96.28  
116.09  114.05 
134.00  140.29 
147.40  167.85 
170.89  163.51 
176.38  172.31 
181.21  183.29 
179.69  185.47 
183.83  180.44 
175.13  174.16 
170.06  160.83 
158.55  154.92 
150.83  152.97 
156.37  179.55 
169.27  168.42 
180.04  176.64 
184.30  185.90 
189.19  184.43 
189.14  197.43 
199.05  191.83 
204.74  201.17 
186.37  211.94 
188.59  193.16 
194.49  190.83 
190.14  187.88 
182.66  174.40 
176.34  167.38 
167.53  165.51 
163.95  158.70 
157.16  156.26 
148.35  152.66 
150.82  159.39 
174.81  169.31 
198.40  189.55 
209.59  212.00 
227.58  253.95 
247.95  244.61 
256.27  256.92 
263.48  264.56 
260.85  255.99 
261.02  244.15 
252.61  242.25 
249.18  237.40 
248.54  247.64 
217.83  246.96 
206.08  206.21 
205.50  202.63 
192.88  186.51 
176.43  175.17 
164.80  153.76 
149.30  143.23 
136.56  133.52 
113.59  109.46 
98.55   96.82  
100.82  100.28 
104.21  96.80  
106.78  105.57 
105.69  108.69 
106.85  107.65 
103.67  98.92  
97.09   94.53  
94.76   90.70  
91.49   92.66  
96.48   91.02  
97.53   96.81  
96.84   106.78 
100.10  98.56  
99.89   97.76  
97.95   96.57  
90.22   88.31  
82.53   82.57  
77.42   76.48  
76.58   75.42  
77.70   75.92  
84.48   82.05  
96.40   98.86  
104.37  125.53 
112.29  120.21 
113.05  113.66 
109.28  107.58 
102.80  102.26 
86.77   93.26  
83.26   85.50  
87.91   86.35  
83.40   82.72  
80.17   77.69  
79.00   78.33  
82.67   81.60  
83.28   84.61  
82.26   83.33  
75.66   78.36  
66.41   64.98  
46.88   46.80  
15.99   15.99  
0.00    0.00   
# Capacity: 6
0.00    0.00   
0.00    0.00   
62.14   59.35  
66.37   66.08  
71.31   73.67  
76.61   80.88  
84.74   83.88  
88.89   87.91  
99.99   96.52  
113.18  113.10 
136.63  134.23 
148.65  169.90 
164.82  166.49 
174.78  168.08 
177.12  183.92 
182.69  179.73 
187.17  175.39 
177.42  173.36 
165.38  160.30 
160.87  155.13 
151.47  149.98 
146.94  173.30 
167.01  168.12 
178.10  178.35 
180.08  186.16 
187.94  179.79 
189.95  187.30 
200.24  191.58 
204.63  201.09 
193.88  211.44 
194.83  188.54 
190.90  194.25 
192.07  186.55 
180.27  178.72 
177.21  159.66 
169.16  163.05 
161.61  159.27 
155.27  152.26 
149.89  152.17 
154.05  156.59 
172.29  169.16 
187.64  190.89 
219.96  210.93 
233.95  249.85 
245.30  242.09 
262.76  250.84 
259.45  264.52 
267.07  251.51 
259.61  247.57 
252.39  242.00 
243.07  242.61 
248.66  243.56 
216.06  243.57 
209.30  200.08 
204.26  192.13 
195.15  191.58 
179.49  172.01 
161.92  157.62 
148.95  141.86 
136.78  132.68 
110.72  109.81 
98.37   94.56  
97.95   98.19  
103.41  102.95 
105.72  102.37 
108.30  102.16 
109.26  106.89 
105.82  99.18  
98.26   94.48  
94.56   87.97  
91.11   88.62  
94.16   89.84  
99.04   100.16 
97.10   105.89 
101.16  100.67 
103.68  99.51  
96.64   99.04  
90.27   85.87  
83.92   78.43  
78.26   76.08  
77.22   74.75  
77.49   75.59  
84.57   79.16  
97.56   99.70  
104.36  122.73 
112.72  117.40 
118.15  111.28 
110.69  106.20 
102.35  103.50 
88.63   93.07  
82.72   85.16  
86.09   85.35  
83.88   82.26  
80.73   78.12  
78.57   73.87  
83.73   85.66  
83.64   82.11  
84.30   83.07  
77.62   76.99  
65.62   64.86  
46.79   46.74  
15.99   15.98  
0.00    0.00   
# Capacity: 7
0.00    0.00   
0.00    0.00   
60.35   58.33  
64.25   68.10  
72.54   71.81  
77.30   77.61  
83.40   85.70  
92.80   87.36  
97.50   96.03  
115.60  108.76 
135.81  133.81 
150.03  159.93 
164.11  160.54 
175.92  166.82 
182.05  178.22 
182.17  178.47 
184.97  178.82 
175.71  165.61 
165.01  156.98 
159.41  156.17 
148.01  153.60 
149.50  170.18 
166.43  167.38 
177.09  173.37 
185.92  179.01 
189.23  179.29 
195.30  189.66 
200.46  192.02 
205.98  200.03 
189.21  209.11 
191.39  188.00 
192.73  190.46 
197.06  183.90 
181.73  174.56 
170.65  163.99 
168.46  156.96 
157.38  154.05 
155.73  151.19 
148.47  153.87 
156.76  150.58 
172.36  166.83 
190.03  185.11 
212.06  206.92 
221.75  243.01 
250.04  244.01 
251.95  248.97 
261.75  256.60 
260.67  254.39 
250.36  248.07 
252.33  239.87 
250.62  235.58 
249.57  239.58 
214.77  246.59 
208.58  191.99 
206.25  191.62 
195.23  189.41 
182.27  170.90 
161.73  149.97 
147.63  143.06 
137.74  133.22 
111.49  105.15 
99.31   94.94  
100.81  100.67 
102.96  99.77  
108.24  104.75 
110.11  106.13 
103.93  108.30 
101.64  97.02  
96.12   93.67  
94.03   89.88  
92.52   88.89  
94.89   88.67  
96.64   95.95  
96.90   104.87 
103.14  100.31 
99.95   99.98  
99.62   97.37  
88.79   87.67  
82.01   81.90  
78.92   73.55  
75.77   74.85  
77.22   75.94  
86.60   81.82  
97.88   95.32  
102.07  122.28 
114.16  114.23 
116.09  111.09 
110.47  107.34 
103.82  98.89  
90.16   91.72  
85.42   84.00  
86.69   86.59  
85.11   82.46  
78.89   75.02  
80.43   73.84  
82.20   80.48  
83.12   84.21  
83.10   81.91  
77.86   77.34  
66.66   61.98  
46.85   46.77  
15.97   15.96  
0.00    0.00   
# Capacity: 8
0.00    0.00   
0.00    0.00   
61.41   59.22  
65.40   66.99  
72.76   69.17  
78.82   78.72  
84.66   82.13  
86.42   88.36  
99.37   96.28  
113.02  113.92 
136.94  133.51 
148.54  166.48 
163.77  164.44 
174.65  165.90 
179.30  177.04 
182.64  175.27 
184.71  173.87 
177.31  171.59 
171.33  157.55 
163.40  150.40 
153.31  150.23 
153.08  172.76 
165.96  166.38 
180.73  174.76 
185.72  185.60 
187.55  180.53 
191.02  186.77 
197.70  182.32 
203.05  196.97 
187.82  211.86 
190.64  186.61 
196.05  188.50 
191.27  182.60 
178.36  169.14 
174.32  162.02 
168.46  154.49 
164.69  154.76 
155.89  148.82 
148.00  150.86 
155.14  153.57 
175.01  174.01 
193.97  187.82 
211.06  216.25 
222.69  250.02 
245.90  236.07 
265.17  247.54 
267.78  262.43 
262.67  249.30 
253.03  243.28 
249.82  234.64 
252.78  238.80 
246.88  242.68 
218.85  240.48 
210.25  196.87 
204.73  190.96 
192.38  182.78 
176.32  168.87 
157.37  147.46 
147.06  139.45 
136.20  130.42 
112.34  104.78 
100.10  93.86  
101.47  97.35  
105.07  96.62  
104.62  104.09 
110.09  107.91 
108.04  102.31 
102.20  96.13  
96.86   93.62  
94.78   89.66  
90.55   89.37  
92.37   90.55  
98.04   95.66  
100.87  105.35 
101.09  95.57  
102.69  97.98  
95.36   98.78  
90.67   86.75  
82.45   79.91  
75.73   74.29  
75.92   74.41  
75.84   75.05  
84.39   80.39  
98.79   98.75  
105.81  120.79 
112.47  114.93 
118.56  108.51 
111.11  102.88 
103.23  100.22 
89.27   90.74  
85.68   86.05  
86.75   85.96  
82.64   80.79  
80.32   73.80  
78.12   73.54  
81.88   76.99  
82.61   81.85  
80.67   83.10  
77.54   73.66  
66.11   65.65  
46.88   46.61  
15.95   15.99  
0.00    0.00   
# Capacity: 9
0.00    0.00   
0.00    0.00   
61.18   59.27  
66.03   65.65  
72.19   72.22  
75.38   78.07  
83.86   82.88  
90.21   85.81  
98.54   94.35  
118.35  108.95 
135.59  132.58 
153.33  164.78 
167.10  159.91 
176.19  165.73 
175.37  171.23 
179.55  178.35 
181.18  170.69 
175.25  163.55 
168.23  158.82 
159.81  151.11 
153.74  149.45 
149.33  171.94 
167.93  165.50 
178.99  169.29 
182.18  179.84 
190.40  178.04 
192.15  178.94 
201.18  179.89 
199.77  194.32 
192.23  209.95 
195.50  182.45 
192.32  184.21 
193.36  179.48 
178.98  168.46 
173.09  161.30 
169.17  155.90 
161.66  156.39 
155.94  152.34 
146.07  151.12 
157.47  151.10 
173.01  167.95 
192.83  188.48 
218.32  208.20 
224.10  246.97 
249.67  223.63 
261.81  248.11 
257.20  251.96 
266.10  245.95 
256.68  242.63 
253.28  231.51 
253.14  239.90 
249.55  242.13 
214.52  241.47 
208.38  201.26 
200.25  193.20 
193.99  183.11 
175.49  169.84 
159.75  150.54 
148.49  141.70 
135.39  132.39 
112.18  106.48 
98.39   90.10  
101.13  94.46  
104.00  96.47  
105.18  101.23 
109.07  104.17 
105.69  106.43 
101.91  98.48  
96.59   92.47  
93.56   87.47  
91.64   89.01  
94.46   86.80  
98.64   95.86  
96.52   102.80 
102.57  98.60  
102.73  96.96  
98.59   94.25  
90.67   83.94  
83.11   78.44  
77.53   74.21  
77.52   73.20  
77.49   75.04  
84.52   78.91  
97.91   97.11  
104.56  120.89 
112.52  111.07 
113.64  109.17 
108.53  105.04 
103.87  99.03  
89.96   90.47  
85.81   85.15  
87.64   84.52  
82.28   79.76  
80.32   74.75  
80.84   74.91  
81.72   79.60  
82.91   83.81  
83.35   80.51  
77.99   74.53  
67.68   60.94  
46.83   46.70  
15.98   15.98  
0.00    0.00   
# Capacity: 10
0.00    0.00   
0.00    0.00   
61.39   56.42  
66.06   63.03  
73.31   72.02  
77.74   77.41  
85.69   79.12  
90.57   84.22  
100.35  92.00  
113.63  113.31 
134.69  129.10 
147.13  160.64 
162.46  153.77 
178.09  164.57 
179.87  172.55 
185.14  172.12 
182.37  170.41 
177.32  168.96 
167.12  154.05 
162.41  146.44 
151.91  146.93 
146.53  170.23 
168.91  160.70 
177.32  169.60 
185.04  179.97 
188.82  177.41 
192.13  183.76 
200.78  181.51 
197.97  197.82 
188.78  205.83 
194.51  182.30 
191.31  183.95 
189.97  172.85 
178.48  165.28 
170.32  160.43 
164.52  149.98 
154.48  152.08 
154.63  148.56 
146.13  152.74 
155.22  152.96 
174.99  161.66 
188.50  184.21 
216.71  205.15 
220.78  240.87 
245.44  225.36 
260.40  232.42 
262.59  246.06 
256.88  240.91 
259.37  237.16 
250.39  225.35 
248.09  226.62 
247.09  244.87 
216.11  236.67 
208.10  184.87 
199.62  184.60 
197.05  181.07 
176.09  165.29 
160.75  144.85 
149.40  139.10 
137.11  129.16 
111.25  105.55 
97.25   89.64  
100.17  96.07  
102.57  98.46  
103.95  100.04 
109.45  100.65 
107.78  102.61 
105.51  93.75  
96.61   91.20  
92.69   87.37  
94.41   86.57  
94.66   85.18  
96.03   94.27  
100.93  100.46 
100.14  97.16  
101.58  93.99  
98.30   93.37  
90.80   83.27  
81.73   76.51  
78.41   71.10  
77.85   71.73  
74.13   73.65  
81.99   77.14  
95.82   96.83  
103.81  117.40 
111.22  114.89 
114.91  106.69 
110.01  99.63  
102.72  99.27  
88.88   89.95  
84.35   81.18  
85.52   82.80  
85.39   80.46  
79.68   75.20  
79.25   73.52  
81.48   78.18  
84.78   79.62  
84.51   78.43  
76.25   74.60  
64.52   62.26  
46.86   46.52  
15.97   15.97  
0.00    0.00   
# Capacity: 11
0.00    0.00   
0.00    0.00   
62.40   59.84  
65.47   63.51  
72.79   67.98  
77.89   76.38  
84.40   80.91  
89.45   84.59  
100.56  92.65  
116.48  109.30 
133.17  129.60 
145.91  156.16 
168.47  156.01 
170.19  159.95 
179.62  178.67 
185.02  171.72 
183.34  170.10 
178.25  166.03 
165.16  158.73 
163.26  151.77 
155.43  145.14 
151.47  171.70 
166.55  157.04 
178.45  164.04 
186.30  176.88 
191.43  172.99 
188.39  177.65 
198.11  186.85 
208.24  191.65 
190.53  200.29 
187.14  186.44 
191.08  187.68 
186.68  173.75 
179.72  169.70 
171.60  150.44 
166.16  150.80 
159.47  153.73 
154.75  146.44 
149.00  152.31 
157.08  141.06 
171.80  166.50 
192.98  178.46 
212.44  206.00 
225.48  227.16 
244.68  226.14 
263.58  233.39 
260.26  252.66 
268.33  240.11 
261.98  228.33 
254.61  228.93 
253.26  229.77 
249.50  242.95 
218.00  226.68 
201.78  192.28 
197.31  186.19 
193.62  179.42 
178.57  166.45 
164.26  147.60 
151.89  136.85 
137.55  128.46 
111.76  103.93 
97.61   91.69  
101.35  93.57  
104.62  92.92  
105.43  100.03 
109.86  104.82 
107.59  101.13 
106.16  96.92  
95.68   87.35  
92.91   86.18  
92.20   86.13  
95.37   85.44  
96.91   92.55  
98.66   101.71 
98.67   96.22  
99.53   95.70  
96.64   89.32  
89.99   84.68  
82.41   76.41  
78.01   71.44  
77.87   72.74  
78.04   72.59  
82.72   77.64  
97.49   96.09  
104.98  117.56 
112.80  108.50 
112.99  103.89 
109.14  102.10 
102.55  96.40  
90.13   89.04  
84.50   80.09  
84.75   83.27  
84.93   79.29  
79.87   74.11  
80.08   73.13  
80.59   76.27  
83.50   78.15  
83.37   79.88  
79.18   73.90  
65.64   60.18  
46.88   44.47  
15.99   15.98  
0.00    0.00   
# Capacity: 12
0.00    0.00   
0.00    0.00   
61.18   58.04  
66.67   61.96  
72.60   69.89  
77.45   76.10  
86.02   79.87  
89.95   81.12  
99.02   93.00  
116.71  110.16 
133.73  132.45 
152.64  158.64 
171.86  154.88 
176.39  161.07 
179.57  165.02 
187.17  171.93 
180.35  163.18 
175.47  166.66 
166.59  150.53 
161.85  148.99 
154.68  145.04 
147.36  164.45 
170.26  160.22 
175.29  162.95 
190.01  172.88 
190.54  172.95 
189.74  177.45 
200.74  180.56 
204.22  192.40 
185.60  195.50 
188.00  177.26 
190.72  181.47 
190.34  173.68 
182.80  161.50 
168.90  157.17 
165.40  154.16 
160.34  147.73 
157.67  146.37 
149.26  150.18 
156.76  147.11 
174.49  161.83 
186.22  177.88 
215.63  198.82 
220.71  236.05 
244.27  225.26 
254.42  235.96 
264.03  245.25 
262.15  243.42 
260.13  231.45 
253.54  235.29 
253.75  228.35 
249.59  230.64 
215.31  233.62 
205.43  193.79 
201.45  185.94 
194.38  177.91 
176.79  158.63 
161.32  141.30 
148.54  135.78 
137.18  126.01 
112.79  102.02 
99.10   90.46  
100.24  93.05  
102.79  93.74  
105.73  100.14 
110.90  99.22  
106.96  96.20  
104.58  90.30  
97.20   90.69  
93.58   84.75  
95.04   80.48  
94.22   88.85  
97.95   94.21  
100.32  97.66  
101.19  92.08  
102.61  97.26  
98.09   90.42  
89.18   82.81  
82.74   79.07  
78.12   72.35  
75.91   71.47  
77.30   72.51  
85.05   79.59  
97.13   95.39  
104.40  117.89 
110.73  109.73 
116.16  104.48 
109.72  101.10 
104.38  97.91  
87.59   88.99  
85.10   80.95  
85.61   81.58  
83.78   76.00  
81.17   73.63  
79.44   73.47  
81.13   75.85  
85.27   81.52  
82.73   77.89  
78.16   71.09  
65.96   59.69  
46.83   44.29  
15.97   15.99  
0.00    0.00   
# Capacity: 13
0.00    0.00   
0.00    0.00   
60.60   55.91  
65.06   65.89  
71.51   69.55  
79.37   75.79  
85.04   77.46  
91.36   83.03  
99.38   90.15  
113.24  107.88 
135.84  125.42 
147.18  157.98 
165.12  156.22 
172.84  156.80 
178.16  160.97 
183.23  170.03 
181.96  172.94 
177.97  155.49 
171.14  154.65 
160.70  150.34 
153.47  148.29 
152.62  159.20 
165.76  157.47 
173.21  160.07 
187.71  170.10 
194.15  172.83 
192.66  175.80 
197.97  182.96 
203.52  190.58 
191.86  196.30 
194.61  176.91 
191.06  183.21 
190.46  169.01 
184.70  163.05 
170.74  153.10 
162.82  152.07 
163.82  145.62 
156.18  145.21 
149.07  146.10 
158.10  147.19 
173.09  158.67 
192.41  175.98 
210.21  202.46 
227.03  235.34 
249.94  219.92 
259.64  224.30 
262.52  237.51 
264.04  243.04 
260.09  224.14 
252.74  232.43 
249.65  219.31 
248.90  230.48 
217.59  231.38 
203.31  185.81 
205.70  181.80 
194.39  172.53 
179.71  158.56 
161.98  139.01 
154.18  129.87 
135.60  122.03 
114.05  107.02 
98.51   90.61  
101.77  89.01  
105.62  92.93  
104.62  98.75  
110.87  99.09  
107.65  103.23 
103.40  90.15  
97.49   89.02  
92.20   84.73  
92.53   82.17  
92.25   83.00  
98.60   94.51  
96.97   99.10  
102.69  93.15  
100.89  92.33  
98.75   91.92  
90.97   80.30  
83.30   77.56  
78.94   68.75  
75.16   72.28  
76.13   71.94  
85.65   79.61  
96.43   92.38  
104.51  116.47 
114.04  112.85 
115.75  102.74 
113.60  101.32 
103.80  94.51  
89.14   87.89  
83.62   80.70  
86.87   79.77  
84.95   77.65  
78.19   69.92  
79.63   71.52  
80.09   76.29  
84.91   78.16  
84.39   78.35  
77.56   69.85  
65.55   59.20  
46.78   43.51  
15.99   15.97  
0.00    0.00   
# Capacity: 14
0.00    0.00   
0.00    0.00   
61.21   58.15  
65.05   61.59  
70.46   69.54  
78.15   74.34  
83.54   77.04  
91.15   80.08  
97.97   86.28  
117.19  106.22 
137.50  126.09 
148.39  153.90 
168.73  150.54 
172.11  156.86 
180.82  171.60 
183.15  166.44 
183.35  165.10 
176.72  157.22 
167.08  149.49 
164.56  142.49 
152.83  146.73 
150.91  163.08 
172.98  155.06 
176.46  160.43 
181.14  171.98 
191.40  169.11 
192.10  184.62 
198.63  175.11 
203.97  180.65 
189.17  189.10 
194.27  177.20 
196.39  178.05 
192.02  167.90 
182.78  163.39 
166.61  152.73 
163.13  145.32 
162.26  142.44 
157.76  144.86 
148.13  143.12 
155.24  149.25 
175.31  154.51 
195.01  170.91 
212.85  196.69 
225.02  227.25 
252.61  221.99 
252.30  227.16 
255.94  246.85 
265.85  238.69 
258.10  231.60 
253.25  221.58 
246.46  225.81 
248.94  229.39 
219.29  230.49 
206.61  189.71 
199.17  175.72 
193.21  171.45 
174.35  159.86 
161.96  139.15 
151.26  134.13 
135.41  123.89 
113.23  101.08 
97.14   88.10  
97.24   94.92  
104.33  89.65  
104.56  96.67  
107.99  96.67  
109.19  99.28  
105.71  89.57  
97.32   86.51  
91.53   83.62  
93.97   80.87  
94.23   85.78  
97.11   90.93  
98.09   99.17  
100.94  90.91  
103.02  90.70  
99.30   87.20  
90.02   82.51  
81.46   75.02  
78.09   71.26  
77.10   69.62  
77.43   73.49  
85.68   76.16  
98.01   95.55  
103.26  116.76 
110.25  108.94 
115.10  104.86 
112.13  102.32 
104.09  96.86  
87.65   85.40  
83.62   77.49  
87.53   75.41  
83.69   75.90  
81.18   73.78  
81.37   70.16  
79.91   74.48  
82.87   78.77  
83.76   77.52  
78.94   68.15  
66.95   58.88  
46.82   43.08  
15.97   15.99  
0.00    0.00   
# Capacity: 15
0.00    0.00   
0.00    0.00   
60.76   55.16  
66.91   61.41  
72.72   67.44  
79.00   72.55  
83.25   80.86  
91.33   82.14  
99.98   88.62  
115.51  106.50 
136.07  128.21 
146.75  156.40 
165.18  148.46 
173.61  154.37 
182.95  159.96 
178.02  164.01 
180.93  165.05 
179.60  163.39 
167.12  152.10 
160.21  146.76 
150.47  146.00 
150.83  159.29 
167.80  156.24 
173.96  160.72 
184.39  167.78 
192.17  167.80 
193.70  173.60 
203.49  177.81 
202.42  186.78 
186.98  199.13 
193.89  174.37 
191.79  172.12 
190.58  169.73 
183.78  154.75 
172.95  150.29 
163.12  146.97 
158.50  142.82 
157.92  142.32 
150.83  139.33 
153.21  145.00 
172.38  155.78 
194.04  177.15 
217.18  191.11 
226.94  231.74 
249.41  226.93 
255.75  224.83 
262.53  224.06 
267.05  239.83 
262.41  226.96 
246.43  227.73 
249.78  222.64 
246.82  226.37 
215.59  228.24 
207.56  183.46 
200.62  176.12 
189.11  168.27 
177.79  155.39 
161.05  136.42 
151.70  129.86 
137.04  121.44 
111.48  102.75 
97.85   91.32  
98.41   94.77  
104.32  90.91  
106.07  94.68  
105.17  100.12 
106.90  101.74 
101.67  91.95  
98.73   85.53  
93.66   82.13  
94.18   82.82  
93.62   82.02  
96.47   91.20  
97.86   98.00  
101.41  87.62  
99.65   90.89  
96.79   87.07  
90.52   80.62  
79.98   73.32  
77.81   68.50  
76.82   67.74  
76.76   70.75  
83.17   78.18  
95.96   94.45  
103.58  110.23 
112.76  107.85 
115.46  105.38 
109.40  101.68 
103.67  90.52  
89.46   88.31  
83.26   78.53  
85.92   81.17  
82.71   73.40  
81.21   71.04  
79.80   69.32  
80.98   73.97  
84.39   77.73  
84.49   75.82  
76.71   70.78  
67.08   55.26  
46.79   41.74  
15.99   15.99  
0.00    0.00   
# Capacity: 16
0.00    0.00   
0.00    0.00   
60.97   55.11  
65.36   61.18  
70.36   68.28  
78.63   73.14  
83.36   79.18  
90.79   79.36  
99.66   88.66  
112.74  107.90 
137.34  126.69 
152.96  151.04 
171.51  151.53 
176.43  155.64 
180.57  165.52 
181.87  161.59 
178.98  162.91 
174.73  159.43 
168.37  143.94 
160.92  135.69 
155.67  142.32 
152.98  161.88 
167.71  148.80 
177.33  159.83 
185.14  162.51 
193.97  168.98 
191.23  175.78 
195.22  168.67 
203.41  174.08 
190.94  200.63 
190.11  176.35 
188.82  173.78 
193.28  168.79 
183.80  156.04 
173.36  147.72 
168.07  146.69 
161.97  140.75 
155.94  133.35 
153.12  139.55 
157.30  142.91 
170.47  155.86 
191.62  168.52 
215.13  194.01 
228.80  230.38 
237.81  218.59 
258.78  224.64 
258.99  232.95 
264.85  239.49 
259.89  217.12 
252.20  217.05 
244.46  214.29 
250.42  221.40 
215.29  228.49 
204.85  190.28 
205.63  172.84 
195.63  171.31 
175.46  158.40 
163.35  142.89 
148.76  127.27 
136.96  118.19 
111.12  100.48 
98.88   87.65  
98.76   91.21  
100.69  92.14  
106.42  95.05  
109.02  97.95  
107.22  102.01 
101.78  89.43  
97.58   82.66  
94.07   84.75  
94.46   82.65  
93.59   81.66  
98.89   90.02  
100.96  95.58  
101.22  91.20  
102.86  89.75  
97.29   87.09  
88.67   77.92  
80.86   70.90  
78.42   71.48  
78.02   69.12  
76.34   71.57  
86.56   78.91  
97.17   92.97  
104.32  113.54 
112.58  105.92 
116.25  101.50 
110.10  95.72  
102.88  95.95  
88.76   85.23  
83.47   78.38  
85.78   77.83  
82.40   74.03  
78.83   73.07  
79.93   70.70  
80.22   74.67  
85.38   76.20  
83.19   73.58  
76.89   68.48  
67.21   55.19  
46.76   42.18  
15.96   15.99  
0.00    0.00   
# Capacity: 17
0.00    0.00   
0.00    0.00   
61.54   56.13  
66.89   62.07  
72.16   64.21  
77.86   69.26  
85.53   76.90  
90.38   77.61  
101.50  91.55  
113.67  105.24 
136.16  123.04 
147.67  153.92 
170.32  143.22 
177.47  160.42 
178.60  154.91 
184.96  158.33 
184.27  155.90 
179.16  159.06 
166.16  147.54 
161.54  140.78 
147.85  137.40 
149.12  160.76 
164.40  151.06 
177.15  155.04 
183.60  166.38 
190.52  161.08 
194.65  171.80 
205.67  183.19 
200.15  180.07 
189.14  192.95 
196.12  159.78 
187.47  172.31 
190.97  164.53 
183.64  156.40 
175.08  146.83 
166.80  139.16 
162.97  142.38 
158.37  141.05 
147.45  141.75 
156.81  142.91 
172.89  154.55 
195.49  169.56 
213.02  191.00 
227.13  224.95 
242.73  214.91 
252.07  214.84 
260.84  236.14 
260.94  228.62 
254.37  214.71 
254.04  219.37 
248.60  211.86 
248.70  216.56 
215.92  218.87 
205.98  178.97 
204.62  165.79 
190.79  170.30 
175.61  155.98 
161.29  140.95 
149.35  129.63 
137.42  118.18 
112.12  101.20 
97.04   87.53  
102.14  91.59  
106.92  91.26  
106.97  92.94  
109.40  92.78  
105.44  96.19  
103.76  90.11  
96.40   86.96  
94.17   82.36  
91.78   80.08  
95.36   82.80  
98.08   87.64  
97.36   92.81  
99.70   89.75  
101.63  92.22  
99.33   86.79  
89.15   78.42  
81.58   72.70  
77.56   70.40  
76.91   66.00  
75.72   69.72  
84.60   76.04  
97.41   91.75  
101.88  111.96 
112.22  105.35 
112.84  104.48 
110.35  96.56  
104.21  86.24  
88.42   87.06  
82.58   78.20  
86.98   75.63  
84.50   72.21  
78.99   69.62  
79.48   67.34  
79.74   72.91  
83.30   75.40  
82.08   72.43  
76.56   66.83  
67.30   55.92  
46.83   42.51  
15.98   15.99  
0.00    0.00   
# Capacity: 18
0.00    0.00   
0.00    0.00   
61.01   53.21  
66.27   63.63  
70.80   64.56  
80.07   73.15  
84.10   74.34  
90.80   81.78  
98.22   87.90  
112.12  104.48 
135.24  126.80 
151.47  148.05 
167.27  142.56 
173.77  152.43 
176.16  160.66 
185.92  157.58 
185.86  156.51 
178.81  156.63 
170.93  139.71 
161.48  138.99 
151.98  141.54 
149.12  162.43 
174.11  146.96 
177.19  152.80 
185.35  158.05 
189.13  163.35 
192.60  165.70 
197.77  169.73 
201.60  177.47 
188.57  187.86 
187.54  170.15 
192.13  165.43 
187.52  160.91 
183.02  157.62 
172.16  149.57 
166.60  144.62 
160.42  142.34 
158.24  140.62 
148.48  141.59 
156.84  137.31 
174.10  155.64 
191.09  171.10 
215.46  193.43 
232.92  219.91 
243.72  210.36 
259.99  219.37 
256.27  226.58 
269.16  219.77 
257.67  226.90 
252.35  207.66 
255.58  212.21 
245.99  221.75 
216.97  227.10 
208.19  179.60 
201.39  170.92 
199.76  162.53 
178.66  152.34 
157.75  133.34 
149.13  127.47 
139.49  115.75 
111.99  97.69  
100.01  87.35  
101.41  87.02  
103.89  89.55  
105.38  95.62  
107.08  94.54  
105.60  93.36  
102.33  87.33  
97.94   84.48  
94.95   81.74  
92.55   80.01  
93.69   84.53  
96.08   91.62  
98.56   91.76  
101.19  88.24  
102.34  85.90  
95.67   87.68  
91.13   77.27  
83.34   71.34  
78.14   67.16  
75.29   68.93  
78.03   71.16  
86.38   70.10  
97.35   88.68  
105.82  113.64 
111.96  106.07 
117.47  98.49  
109.62  96.15  
102.61  90.37  
88.10   85.90  
86.30   74.53  
85.84   77.95  
84.38   71.54  
79.69   68.48  
80.45   66.76  
83.09   73.39  
84.35   71.71  
82.95   72.44  
77.23   67.74  
67.40   52.71  
46.69   36.19  
15.99   15.99  
0.00    0.00   
# Capacity: 19
0.00    0.00   
0.00    0.00   
60.78   53.95  
66.00   58.73  
71.93   65.42  
78.07   69.92  
84.42   74.07  
90.59   81.11  
99.46   87.79  
115.29  104.18 
135.46  122.97 
148.25  145.63 
165.92  150.54 
172.66  150.40 
180.39  160.55 
180.44  155.01 
183.35  149.36 
176.10  157.09 
164.28  138.99 
155.89  139.49 
155.57  136.40 
151.48  155.60 
168.04  150.27 
172.93  152.50 
182.79  161.71 
193.31  159.14 
191.57  169.83 
203.44  170.08 
202.23  178.55 
190.17  186.44 
193.08  164.07 
192.31  170.15 
190.96  158.74 
182.04  148.59 
176.65  145.63 
167.34  131.79 
160.75  138.71 
155.30  138.57 
149.84  140.80 
155.75  137.42 
176.38  152.35 
191.57  168.43 
218.48  192.93 
224.99  227.64 
245.67  211.99 
254.44  216.48 
260.70  230.94 
264.33  220.68 
254.25  216.60 
251.36  219.03 
252.39  209.70 
244.45  221.82 
218.97  226.53 
207.54  179.45 
201.74  175.38 
197.60  160.67 
174.24  149.73 
161.59  135.26 
147.00  132.48 
138.63  116.87 
111.21  99.50  
98.48   84.73  
99.82   90.23  
103.42  88.84  
108.23  89.46  
110.23  95.98  
106.15  96.66  
105.28  85.75  
99.04   80.80  
95.19   77.87  
92.11   78.01  
92.26   80.06  
95.62   85.23  
96.66   95.92  
102.35  86.85  
99.82   86.37  
98.64   83.79  
91.79   73.60  
82.27   70.22  
78.00   68.90  
75.72   65.00  
74.15   66.76  
83.92   73.23  
97.21   91.66  
105.93  109.98 
112.08  102.46 
118.16  97.86  
110.56  92.44  
103.90  88.89  
89.42   80.90  
86.17   76.99  
85.23   73.99  
80.56   72.55  
79.60   68.50  
80.48   68.91  
82.83   74.61  
84.78   75.18  
81.61   71.47  
77.31   65.63  
65.78   53.78  
46.70   41.93  
15.96   15.98  
0.00    0.00   
# Capacity: 20
0.00    0.00   
0.00    0.00   
61.31   54.30  
66.64   60.53  
72.43   66.15  
78.68   67.98  
84.95   73.85  
91.21   79.35  
100.47  86.67  
112.51  101.90 
137.60  121.17 
148.35  149.06 
167.73  142.11 
171.92  147.58 
183.62  152.82 
185.11  157.57 
182.94  154.18 
174.48  146.50 
168.37  138.15 
162.73  133.60 
151.35  136.69 
151.68  160.18 
164.20  148.72 
182.23  155.02 
182.16  162.47 
192.31  162.84 
194.11  171.40 
189.84  167.22 
205.86  171.51 
186.97  192.31 
190.27  166.96 
195.29  160.24 
192.02  150.98 
180.76  147.01 
172.09  146.02 
166.15  141.99 
160.00  140.97 
154.58  133.76 
149.80  134.10 
156.46  135.97 
176.63  149.34 
194.39  166.13 
217.05  185.82 
230.62  228.07 
250.01  204.34 
260.01  215.30 
264.64  225.47 
261.87  226.21 
254.34  213.86 
257.12  215.50 
255.36  200.89 
249.06  222.03 
217.90  222.25 
206.53  175.17 
200.27  165.71 
198.78  161.36 
177.00  151.96 
162.54  129.28 
148.18  122.26 
137.57  112.13 
110.77  97.29  
97.31   81.22  
100.70  83.96  
103.98  89.87  
104.76  93.56  
109.58  92.91  
108.57  95.29  
104.16  86.38  
97.23   81.58  
93.22   81.55  
92.39   79.58  
93.20   79.37  
94.91   88.08  
98.21   91.56  
101.61  85.92  
97.86   87.97  
95.85   82.02  
91.19   75.31  
82.78   67.01  
80.16   65.98  
75.63   67.74  
76.93   68.83  
81.56   75.27  
97.55   91.20  
103.86  110.15 
113.70  102.45 
116.98  93.13  
109.83  92.72  
103.11  89.78  
86.61   84.43  
85.09   77.36  
87.43   68.77  
82.83   67.96  
78.41   68.41  
79.35   69.43  
81.75   71.92  
83.80   73.64  
84.15   68.60  
78.18   68.05  
66.42   55.52  
46.84   38.12  
15.99   15.99  
0.00    0.00   
# Capacity: 21
0.00    0.00   
0.00    0.00   
61.06   54.62  
64.54   58.18  
72.70   62.90  
76.55   67.51  
83.49   75.39  
90.70   79.34  
101.04  87.76  
114.56  98.88  
133.64  116.28 
146.35  146.60 
168.45  148.05 
173.73  146.77 
181.37  159.72 
184.20  155.63 
182.46  146.62 
179.05  142.72 
165.35  130.71 
160.79  131.82 
154.39  137.27 
148.97  155.70 
165.66  143.50 
174.23  151.37 
186.49  157.58 
188.42  153.82 
190.49  167.66 
201.79  163.01 
206.29  179.07 
193.68  191.65 
192.69  158.20 
193.63  166.04 
184.09  156.90 
183.65  151.02 
172.04  140.25 
164.29  137.19 
161.84  126.02 
155.77  132.22 
147.93  134.95 
158.50  136.15 
176.69  148.86 
187.37  163.06 
213.42  185.16 
219.41  208.50 
248.83  214.08 
252.41  211.56 
259.98  230.52 
253.98  215.84 
263.35  216.63 
252.16  211.39 
252.00  208.57 
247.72  219.61 
214.97  223.19 
209.08  169.42 
195.87  170.27 
190.12  158.84 
177.62  149.75 
161.19  129.63 
147.45  119.40 
136.13  115.61 
109.86  95.64  
97.12   82.41  
100.66  84.60  
104.12  87.85  
104.80  89.55  
108.71  91.10  
103.94  91.35  
104.51  87.27  
94.55   79.98  
93.31   77.28  
94.22   77.01  
92.93   80.27  
96.62   87.47  
98.91   93.63  
98.64   86.06  
99.72   83.08  
97.52   86.28  
92.12   74.54  
83.49   68.61  
79.24   63.13  
77.65   63.12  
75.52   66.70  
84.86   73.25  
98.26   87.67  
107.01  109.27 
110.72  102.67 
114.39  95.28  
111.12  92.27  
105.02  87.14  
89.37   82.29  
86.83   72.86  
85.70   73.55  
85.27   72.20  
79.29   65.54  
81.35   65.29  
82.99   71.29  
84.46   70.84  
83.84   67.97  
78.25   63.73  
66.43   53.53  
46.75   36.25  
15.98   15.99  
0.00    0.00   
# Capacity: 22
0.00    0.00   
0.00    0.00   
60.80   52.81  
65.24   57.35  
73.42   60.94  
77.02   67.27  
83.47   72.29  
90.07   76.63  
98.92   82.62  
114.76  101.03 
133.76  123.53 
148.63  144.83 
162.83  140.94 
175.62  145.45 
178.85  156.87 
182.42  152.50 
185.79  149.01 
176.80  151.30 
171.50  132.11 
161.37  131.05 
152.96  135.55 
150.14  153.73 
164.74  149.38 
178.33  147.46 
182.74  163.33 
189.73  157.70 
192.87  164.45 
201.63  165.42 
203.29  176.43 
189.14  197.88 
188.16  162.45 
193.16  157.90 
190.14  149.55 
184.98  138.11 
175.02  135.57 
163.36  132.76 
162.78  135.86 
153.17  131.89 
150.49  137.13 
156.67  131.46 
173.38  150.72 
192.33  166.91 
216.42  191.22 
223.35  213.04 
245.96  214.86 
254.66  214.62 
258.15  227.78 
261.01  211.12 
257.16  210.42 
253.74  195.53 
250.96  204.33 
248.67  208.43 
214.92  214.51 
204.52  172.44 
201.57  163.21 
191.43  157.09 
174.88  148.03 
162.00  133.69 
152.59  119.17 
136.83  108.05 
111.01  90.85  
99.17   81.63  
101.08  86.25  
104.53  86.46  
104.15  88.46  
108.41  90.79  
105.35  89.85  
102.30  83.95  
97.00   78.53  
94.94   77.50  
92.81   77.08  
93.93   79.55  
95.95   88.90  
97.80   91.78  
99.84   82.80  
101.30  81.36  
97.17   85.75  
91.20   74.68  
81.58   67.42  
78.66   64.86  
76.41   63.40  
77.14   67.60  
85.38   73.50  
95.73   83.70  
105.37  110.72 
113.39  97.97  
111.21  95.83  
109.39  91.01  
102.15  85.38  
87.75   80.18  
85.74   72.38  
85.39   72.99  
85.16   67.68  
80.10   64.49  
80.47   65.50  
81.11   68.85  
85.63   72.45  
83.35   71.06  
78.11   61.63  
68.11   49.84  
46.75   36.91  
15.97   15.99  
0.00    0.00   
# Capacity: 23
0.00    0.00   
0.00    0.00   
61.64   52.43  
64.56   56.91  
73.96   64.63  
77.15   68.67  
82.60   70.98  
90.54   75.29  
102.46  87.21  
109.78  100.41 
135.87  116.62 
149.78  144.41 
169.37  138.25 
175.59  145.18 
172.91  148.42 
179.55  152.56 
186.87  152.76 
173.87  144.45 
164.47  136.55 
162.46  130.99 
152.28  129.72 
154.92  149.95 
169.07  143.63 
177.05  153.87 
188.18  161.09 
188.57  152.88 
191.70  157.33 
196.80  163.89 
202.75  172.75 
193.34  182.26 
193.50  165.03 
195.99  163.53 
190.76  150.37 
178.62  144.42 
171.46  135.66 
162.89  137.43 
159.63  132.73 
157.90  128.32 
145.53  134.46 
159.45  136.09 
173.98  141.83 
193.00  166.04 
212.47  181.84 
228.92  215.97 
242.77  207.62 
254.48  212.97 
260.79  214.11 
265.49  218.61 
259.30  200.30 
253.69  199.32 
253.07  208.78 
248.48  202.12 
218.82  214.20 
206.23  169.17 
203.39  159.68 
193.68  159.78 
176.37  143.45 
156.71  129.42 
149.10  114.91 
139.76  109.97 
114.65  93.15  
98.43   78.46  
99.97   81.27  
106.61  82.58  
106.61  87.79  
109.22  90.22  
104.01  89.99  
102.68  81.42  
97.31   76.15  
93.06   77.75  
93.00   77.12  
95.22   81.28  
96.49   85.13  
99.10   90.67  
97.38   82.05  
100.53  81.26  
98.19   73.62  
90.55   74.82  
80.04   71.44  
78.82   62.07  
75.00   62.99  
75.54   67.02  
83.87   71.09  
98.24   86.62  
102.17  101.71 
110.71  96.41  
114.83  92.26  
110.47  89.82  
104.52  85.87  
88.48   83.25  
83.40   74.08  
87.73   71.24  
84.56   68.59  
81.04   64.27  
80.42   67.79  
83.17   69.42  
84.07   71.98  
84.31   68.58  
79.53   63.97  
64.97   49.65  
46.83   36.23  
15.98   15.95  
0.00    0.00   
# Capacity: 24
0.00    0.00   
0.00    0.00   
60.98   52.61  
65.98   56.34  
73.30   63.85  
78.44   64.66  
84.37   72.39  
89.02   74.97  
97.30   86.21  
114.51  100.80 
135.05  116.74 
145.30  143.29 
170.11  133.02 
174.26  150.68 
181.68  150.54 
188.47  149.55 
184.43  144.90 
174.86  141.00 
170.42  130.87 
158.90  133.61 
153.19  137.09 
144.91  146.87 
167.66  136.97 
180.42  146.78 
184.09  159.16 
189.63  159.75 
190.12  159.88 
200.58  158.86 
205.04  160.01 
192.94  182.94 
194.44  158.43 
190.87  153.31 
188.46  148.28 
183.85  146.04 
171.97  138.88 
166.47  134.46 
162.38  128.41 
156.10  131.12 
146.01  135.63 
156.38  133.38 
172.75  150.42 
193.94  155.28 
210.76  181.27 
227.97  211.41 
251.14  197.40 
257.85  209.94 
254.63  219.13 
265.75  206.92 
261.26  201.12 
253.22  202.02 
248.33  197.75 
249.69  198.66 
221.52  214.47 
207.82  165.50 
202.71  157.04 
194.66  160.31 
175.00  144.66 
158.24  126.78 
148.14  114.89 
135.85  106.87 
113.83  95.70  
99.51   82.09  
102.01  81.61  
103.91  84.09  
105.74  89.06  
109.31  89.51  
106.78  85.67  
103.01  79.89  
96.70   78.86  
91.93   74.13  
92.24   76.49  
91.00   79.03  
97.51   84.48  
100.33  90.80  
102.24  84.25  
99.89   83.35  
99.29   80.02  
89.14   73.29  
80.02   66.73  
79.42   65.05  
78.41   63.25  
74.96   64.71  
86.40   73.03  
97.08   80.85  
105.39  108.94 
112.25  97.75  
117.01  93.44  
110.78  86.39  
104.01  83.73  
88.63   82.30  
84.91   72.29  
85.96   69.62  
84.85   65.61  
81.18   63.90  
80.70   64.19  
81.61   67.33  
85.28   69.23  
80.36   69.89  
77.26   60.72  
64.78   52.45  
46.84   35.07  
15.99   15.98  
0.00    0.00   
# Capacity: 25
0.00    0.00   
0.00    0.00   
62.17   51.81  
66.95   58.39  
70.51   59.73  
77.41   64.45  
84.85   68.98  
93.20   76.94  
98.96   86.93  
114.02  99.04  
137.28  111.76 
147.17  145.23 
169.33  136.01 
176.86  138.34 
179.84  146.19 
184.33  151.85 
183.07  143.44 
177.66  149.12 
172.20  134.69 
161.83  129.34 
150.98  136.08 
150.25  148.03 
173.51  146.74 
176.82  146.94 
183.75  156.26 
195.88  152.43 
190.18  163.06 
195.04  159.65 
203.52  165.01 
189.88  180.67 
191.13  156.81 
192.50  158.15 
193.56  145.08 
182.38  138.60 
170.89  129.14 
162.93  133.92 
161.53  132.87 
156.07  127.81 
143.53  131.47 
158.96  130.36 
172.81  144.59 
192.48  165.24 
212.06  174.46 
229.13  207.66 
243.65  203.10 
258.96  206.21 
258.30  217.26 
261.93  201.08 
263.37  202.51 
257.86  204.93 
253.25  203.26 
247.46  199.59 
219.54  216.16 
208.63  165.14 
201.14  158.67 
194.27  155.63 
179.90  142.35 
162.20  125.79 
147.58  113.39 
137.79  108.26 
111.58  90.57  
99.54   80.02  
100.24  82.21  
105.21  84.50  
105.06  84.69  
108.42  90.06  
105.94  85.07  
102.45  79.84  
96.72   79.27  
93.00   75.58  
93.21   73.77  
95.10   77.44  
96.29   81.35  
98.87   94.55  
100.73  83.79  
97.27   78.84  
97.16   79.07  
89.55   72.05  
83.17   66.32  
77.37   62.13  
76.58   61.96  
75.64   66.48  
84.38   72.23  
97.07   82.33  
105.27  108.37 
113.88  101.25 
114.77  92.90  
110.98  85.66  
103.74  83.70  
87.81   79.07  
84.24   69.25  
87.26   71.71  
83.27   63.41  
81.18   63.98  
81.54   64.22  
81.69   64.42  
84.97   70.84  
83.78   68.33  
77.48   61.86  
66.49   50.20  
46.92   30.78  
15.98   15.98  
0.00    0.00   
# Capacity: 26
0.00    0.00   
0.00    0.00   
61.32   51.01  
65.52   57.64  
71.34   60.52  
76.23   64.06  
85.64   69.03  
92.02   72.51  
98.74   84.72  
113.68  100.36 
133.55  112.88 
146.33  137.95 
165.11  137.23 
175.02  140.18 
178.57  152.05 
185.02  141.11 
181.32  142.24 
178.12  140.08 
166.95  134.16 
157.96  131.69 
152.77  128.47 
153.22  147.58 
168.56  140.22 
180.03  140.24 
185.02  151.33 
187.39  155.76 
191.13  152.24 
198.14  152.16 
204.90  157.62 
186.42  177.72 
193.44  153.99 
191.69  159.61 
188.45  149.96 
183.54  140.59 
174.77  132.54 
169.99  126.17 
158.45  126.50 
158.84  127.65 
148.49  135.54 
154.64  132.24 
174.43  141.05 
196.55  158.51 
218.13  179.36 
224.87  203.89 
247.32  197.31 
257.88  208.84 
263.45  204.66 
261.98  208.13 
259.83  204.30 
248.08  200.09 
250.31  201.90 
251.84  190.52 
220.16  214.55 
206.09  159.90 
205.86  158.46 
191.38  150.58 
178.99  143.05 
159.44  123.96 
147.80  117.43 
135.79  104.09 
110.65  91.92  
97.86   79.31  
98.12   81.81  
101.78  83.73  
105.41  83.69  
109.88  81.94  
108.74  84.80  
105.28  78.04  
96.81   77.11  
93.42   72.98  
91.69   72.65  
95.71   73.96  
97.35   86.33  
98.08   90.04  
101.19  82.53  
100.59  83.91  
96.97   79.93  
91.21   70.92  
81.64   68.78  
79.29   63.21  
76.11   59.49  
76.44   65.93  
84.33   70.03  
96.41   84.70  
104.42  103.86 
112.89  95.67  
115.89  87.39  
112.37  85.78  
103.02  80.54  
89.59   78.48  
83.82   70.95  
87.11   68.75  
83.57   65.49  
81.25   65.27  
82.85   62.30  
81.77   66.68  
82.61   70.02  
83.50   67.85  
77.88   58.44  
67.56   48.30  
46.87   30.97  
15.99   15.98  
0.00    0.00   
# Capacity: 27
0.00    0.00   
0.00    0.00   
60.87   50.99  
66.45   55.04  
71.95   60.93  
78.78   63.28  
83.13   68.74  
86.53   73.84  
100.06  83.27  
117.93  95.43  
134.92  111.27 
147.77  137.47 
165.41  138.37 
173.90  140.83 
178.27  150.67 
179.32  142.98 
182.07  138.28 
179.50  142.36 
166.97  123.94 
158.66  127.08 
153.11  128.43 
151.34  146.10 
163.79  140.16 
180.06  141.42 
180.90  156.33 
188.66  148.63 
187.00  159.37 
201.46  154.97 
200.04  160.64 
187.49  180.10 
192.98  152.61 
192.97  155.23 
187.90  145.36 
181.76  133.37 
174.74  130.07 
162.71  128.30 
159.10  124.82 
154.37  128.39 
148.42  125.83 
159.33  132.47 
174.67  144.87 
191.81  161.73 
213.73  179.67 
228.32  204.90 
242.29  194.04 
258.92  201.49 
255.32  210.22 
261.32  190.39 
260.63  194.82 
253.13  190.63 
250.96  193.94 
248.14  192.64 
213.00  207.34 
206.06  159.09 
201.43  148.16 
197.59  150.17 
176.07  134.26 
159.51  124.88 
149.44  115.08 
136.18  105.08 
112.50  89.41  
99.03   77.46  
103.71  81.08  
103.15  83.29  
106.72  86.44  
109.70  83.18  
107.69  83.04  
104.13  74.66  
99.11   75.71  
94.13   73.00  
90.74   74.70  
91.92   75.03  
95.69   79.94  
98.75   87.51  
100.90  82.39  
102.68  81.48  
97.18   75.07  
90.68   68.07  
81.79   62.27  
78.18   60.28  
77.09   61.59  
77.05   63.04  
84.67   70.72  
94.95   82.44  
103.22  103.77 
111.39  95.35  
114.31  88.14  
112.51  87.42  
102.78  83.65  
88.06   80.83  
84.92   70.41  
86.95   67.48  
82.59   63.67  
82.51   62.60  
80.90   62.99  
82.77   65.02  
85.88   69.03  
79.95   63.73  
77.90   59.04  
66.93   45.94  
46.86   34.26  
15.96   15.98  
0.00    0.00   
# Capacity: 28
0.00    0.00   
0.00    0.00   
60.26   51.63  
66.57   56.27  
72.26   61.32  
76.30   66.40  
84.77   69.46  
90.63   74.99  
99.12   83.46  
116.93  100.41 
134.34  114.16 
145.37  134.72 
166.09  131.88 
174.93  135.53 
183.97  147.57 
180.71  145.52 
182.12  144.63 
177.54  127.47 
168.89  124.85 
161.65  120.63 
154.04  131.29 
148.04  147.73 
170.46  132.61 
175.81  139.47 
185.19  150.30 
186.80  145.85 
191.99  150.49 
201.24  154.48 
202.53  155.18 
191.91  176.20 
193.44  150.14 
189.08  151.93 
187.97  148.88 
176.43  130.15 
175.89  137.17 
169.48  127.30 
162.09  123.23 
156.22  125.22 
148.16  130.79 
155.47  131.23 
166.65  135.66 
194.48  154.49 
213.93  177.98 
224.78  207.93 
246.80  192.49 
265.62  201.24 
261.92  208.31 
261.85  206.16 
254.16  199.14 
254.12  183.14 
245.43  196.41 
252.54  197.31 
215.59  200.34 
205.94  151.21 
202.73  155.26 
190.77  147.78 
180.31  140.42 
159.93  124.27 
146.13  114.32 
138.24  103.28 
112.36  91.32  
100.08  77.49  
101.90  83.49  
103.12  81.31  
103.74  85.11  
106.55  84.09  
104.83  86.81  
104.73  78.25  
96.97   74.28  
96.22   71.82  
91.32   70.65  
90.58   73.77  
98.35   75.83  
98.46   88.22  
101.83  81.32  
103.31  78.76  
98.14   78.51  
88.10   72.20  
82.09   61.53  
76.82   59.32  
78.37   60.28  
78.34   62.42  
83.17   69.97  
98.80   81.88  
102.10  103.23 
112.08  92.88  
115.72  89.52  
107.85  85.16  
102.43  78.14  
88.26   77.76  
82.76   71.80  
86.21   67.98  
83.93   64.19  
78.55   63.26  
78.84   60.81  
81.89   64.71  
84.80   67.01  
82.63   65.56  
78.19   58.22  
66.40   46.22  
46.85   33.22  
15.98   15.96  
0.00    0.00   
# Capacity: 29
0.00    0.00   
0.00    0.00   
61.41   49.87  
65.93   56.89  
71.62   59.00  
76.59   65.38  
85.23   65.86  
92.53   72.54  
97.91   79.49  
111.64  96.30  
135.27  115.09 
152.48  136.77 
166.25  129.17 
174.52  140.38 
182.59  142.13 
182.40  143.88 
183.36  130.37 
178.00  132.17 
167.32  132.75 
160.65  123.90 
154.02  129.39 
151.57  143.40 
167.81  137.68 
173.95  138.32 
187.01  153.24 
189.16  148.12 
191.46  151.37 
203.03  152.15 
204.66  154.43 
190.20  177.55 
195.19  149.52 
190.76  149.44 
190.81  138.23 
182.21  129.11 
171.30  130.40 
169.13  123.63 
163.81  127.34 
158.97  117.79 
143.39  130.01 
161.16  127.01 
174.04  139.36 
192.86  157.66 
214.79  171.49 
227.40  208.42 
248.57  190.45 
256.63  194.77 
259.57  203.20 
265.30  199.57 
262.06  195.69 
243.40  191.67 
252.60  185.01 
250.18  192.26 
217.85  200.75 
202.46  160.43 
205.26  151.45 
191.87  145.53 
177.26  138.61 
159.69  119.46 
150.74  109.78 
137.33  98.13  
112.48  88.50  
96.62   75.08  
102.07  78.70  
104.97  79.31  
105.47  85.48  
110.13  84.97  
106.70  81.42  
103.23  74.09  
96.51   72.70  
92.21   76.50  
90.46   73.78  
95.88   74.97  
97.83   81.67  
95.98   84.86  
101.31  77.45  
99.50   76.92  
97.94   76.23  
90.88   70.74  
80.03   64.13  
78.78   61.77  
76.80   59.89  
77.31   62.61  
84.99   71.93  
96.54   80.67  
106.52  101.70 
111.87  94.50  
117.49  87.72  
111.69  79.15  
104.39  76.78  
89.43   77.29  
83.90   70.82  
84.73   70.31  
84.12   65.81  
80.84   58.41  
81.64   63.10  
80.89   64.38  
86.16   65.62  
83.43   65.48  
76.72   55.91  
66.53   46.79  
46.83   30.54  
15.96   15.98  
0.00    0.00   
# Capacity: 30
0.00    0.00   
0.00    0.00   
61.16   51.08  
65.05   53.77  
71.78   58.94  
76.68   65.08  
83.81   66.91  
91.13   69.75  
101.72  82.46  
115.57  98.90  
132.09  115.09 
148.48  134.46 
169.83  135.54 
174.21  136.22 
177.22  142.48 
183.33  134.39 
181.60  134.69 
178.17  135.70 
167.04  129.51 
160.74  125.16 
151.19  133.28 
150.36  142.33 
165.90  132.18 
176.56  142.52 
184.36  141.69 
192.68  144.40 
186.75  158.01 
197.25  152.18 
201.10  154.45 
195.83  171.43 
194.41  146.75 
195.06  148.97 
190.87  134.18 
184.71  130.18 
176.00  130.45 
163.74  123.06 
162.48  117.50 
155.42  126.63 
150.20  129.91 
159.32  128.80 
171.81  140.32 
190.48  156.56 
217.23  172.95 
222.85  199.05 
248.05  195.65 
255.04  197.83 
260.23  201.19 
261.52  196.50 
258.13  180.90 
249.56  189.88 
253.34  181.82 
252.04  195.52 
215.14  194.29 
212.48  150.10 
200.83  153.49 
197.82  144.09 
175.73  134.37 
158.94  116.29 
145.68  110.67 
135.19  100.58 
112.31  83.86  
98.41   72.64  
99.06   78.65  
106.81  78.78  
106.64  84.05  
106.71  81.96  
107.44  83.61  
103.30  74.81  
97.92   73.82  
94.52   71.34  
92.43   74.33  
94.35   72.10  
98.58   79.53  
97.97   84.88  
101.05  77.26  
103.92  72.78  
99.92   71.71  
91.12   66.82  
80.29   63.14  
78.28   61.40  
76.96   59.46  
77.45   59.27  
87.32   67.84  
98.20   79.89  
105.61  99.80  
112.83  88.95  
116.78  88.15  
110.43  81.99  
103.36  75.93  
90.05   76.55  
84.43   67.13  
86.65   67.70  
83.82   65.10  
79.23   61.19  
80.51   60.56  
81.79   65.87  
84.39   67.17  
84.12   63.09  
76.38   55.43  
66.03   45.73  
46.67   31.22  
15.99   15.94  
0.00    0.00   
# Capacity: 31
0.00    0.00   
0.00    0.00   
60.30   50.06  
66.29   55.25  
72.22   57.31  
77.24   63.08  
85.10   63.85  
91.28   70.47  
97.83   81.83  
114.98  95.43  
133.88  115.16 
147.21  134.62 
167.98  128.66 
179.39  132.66 
181.41  143.44 
180.93  139.60 
181.34  137.39 
175.60  126.37 
169.69  127.98 
158.50  117.62 
153.83  128.91 
153.33  144.23 
174.75  129.43 
178.17  134.92 
181.85  142.48 
188.29  141.95 
189.67  153.87 
200.51  151.36 
203.41  155.47 
189.23  174.05 
192.66  148.69 
193.08  143.65 
186.96  135.97 
182.12  128.69 
172.66  125.46 
166.21  123.55 
162.14  119.87 
157.42  119.97 
150.57  121.24 
158.61  125.89 
172.62  136.30 
193.91  151.83 
215.46  174.23 
224.83  199.61 
244.64  187.14 
257.23  201.58 
260.71  190.65 
259.37  193.54 
257.41  184.00 
252.09  184.01 
251.42  188.69 
246.39  194.76 
215.71  202.07 
207.51  154.06 
201.38  148.88 
192.68  138.27 
175.87  135.94 
160.97  116.11 
148.59  110.62 
137.37  94.00  
110.89  84.99  
97.42   73.38  
100.98  78.98  
106.84  78.24  
105.33  83.81  
109.41  80.39  
108.19  76.05  
102.30  74.72  
97.72   75.53  
94.99   74.22  
92.80   68.71  
94.37   74.66  
97.99   78.89  
98.61   87.01  
99.66   78.20  
101.52  74.48  
97.13   72.57  
90.91   67.55  
81.67   61.42  
76.35   56.60  
76.36   61.82  
77.27   62.10  
86.03   68.45  
96.68   84.65  
102.89  101.78 
110.54  90.69  
113.50  84.24  
111.61  81.45  
105.04  72.77  
92.31   76.47  
85.07   67.51  
83.69   64.46  
82.57   61.76  
80.22   59.94  
79.72   61.27  
78.41   65.65  
85.29   65.41  
84.22   60.33  
77.77   58.83  
66.07   45.18  
46.88   30.71  
15.98   15.99  
0.00    0.00   
# Capacity: 32
0.00    0.00   
0.00    0.00   
61.88   47.74  
65.46   54.67  
73.40   57.86  
76.46   60.74  
83.33   67.10  
88.61   73.68  
99.19   77.54  
113.63  96.41  
132.22  109.43 
151.00  138.62 
168.26  131.04 
171.76  130.60 
182.42  139.35 
189.30  133.44 
185.72  132.59 
174.96  128.47 
165.82  120.04 
160.69  116.09 
150.36  125.17 
151.93  136.78 
167.76  131.55 
172.58  134.21 
180.57  143.73 
187.45  142.41 
187.69  147.63 
202.97  147.17 
201.96  156.98 
187.90  172.32 
192.17  151.64 
190.42  144.62 
190.16  132.08 
182.56  127.42 
174.86  127.91 
163.92  121.10 
160.03  119.11 
158.49  123.48 
148.04  125.54 
158.47  122.59 
175.68  133.15 
195.98  156.91 
214.74  171.43 
227.60  198.21 
243.77  188.66 
255.90  190.11 
260.16  198.52 
264.68  189.19 
258.36  192.42 
248.85  188.14 
260.00  175.46 
244.95  194.63 
214.74  189.33 
206.11  148.06 
204.43  149.15 
193.98  134.73 
178.35  134.71 
160.70  111.56 
149.13  109.32 
139.09  94.76  
111.00  86.71  
98.48   75.43  
99.74   77.04  
103.38  76.57  
103.97  82.15  
109.69  78.98  
107.33  80.48  
103.67  71.10  
97.36   70.72  
93.83   70.54  
91.59   74.39  
93.37   71.87  
98.69   79.24  
100.05  82.52  
100.85  74.07  
102.20  75.24  
97.29   72.63  
88.81   67.40  
81.46   59.66  
79.57   57.21  
76.43   57.88  
77.08   63.15  
84.64   67.41  
97.83   79.97  
103.59  103.49 
111.04  88.07  
115.95  87.37  
111.58  81.08  
103.34  75.57  
88.83   76.89  
84.36   64.36  
85.37   65.95  
83.62   61.88  
81.16   57.74  
81.23   61.01  
78.77   61.20  
84.33   64.15  
84.55   62.49  
77.68   52.48  
67.03   41.04  
46.86   27.94  
15.98   15.99  
0.00    0.00   
# Capacity: 33
0.00    0.00   
0.00    0.00   
61.10   48.60  
64.71   55.37  
71.89   59.69  
78.07   62.69  
86.35   65.57  
89.91   72.95  
99.94   81.21  
115.15  94.38  
136.45  109.22 
150.10  127.83 
166.10  119.52 
179.12  129.16 
175.66  133.81 
182.21  131.86 
185.35  127.87 
175.45  122.46 
168.92  115.99 
162.89  121.43 
154.42  126.14 
149.45  138.16 
164.70  128.75 
174.28  131.76 
187.00  143.39 
187.52  145.40 
193.79  146.96 
198.32  147.03 
205.01  152.40 
191.48  170.25 
191.16  146.03 
196.53  136.34 
186.14  131.33 
183.68  128.14 
174.47  121.42 
168.76  121.05 
164.34  116.68 
154.53  115.64 
149.26  129.10 
155.67  124.23 
170.87  134.30 
193.89  149.58 
217.26  173.75 
233.21  195.62 
246.18  180.60 
259.75  193.75 
262.43  197.19 
269.86  193.27 
261.46  188.82 
252.07  177.96 
253.86  182.44 
247.43  192.51 
216.24  188.99 
205.27  153.37 
199.78  141.32 
196.40  138.26 
179.33  129.02 
163.30  112.49 
147.60  100.31 
136.94  96.25  
112.07  85.73  
98.64   73.44  
100.96  80.54  
104.12  80.01  
107.57  80.95  
109.00  78.55  
108.37  80.79  
105.17  74.93  
96.87   71.62  
93.71   70.72  
89.05   67.91  
95.47   75.02  
97.15   77.10  
98.85   79.51  
100.39  74.31  
100.62  73.64  
98.43   73.24  
91.24   64.60  
82.21   60.85  
78.43   55.38  
75.03   57.83  
77.28   62.33  
84.06   68.28  
98.36   77.31  
103.87  101.04 
113.45  86.19  
119.35  86.60  
111.81  78.48  
105.43  79.03  
89.33   75.97  
86.13   66.87  
87.27   61.50  
84.13   59.54  
78.37   59.92  
79.83   59.87  
82.34   61.73  
84.43   61.35  
84.19   58.75  
76.99   56.98  
64.46   42.09  
46.86   32.86  
15.98   15.99  
0.00    0.00   
# Capacity: 34
0.00    0.00   
0.00    0.00   
61.57   48.26  
66.68   52.08  
72.08   55.41  
79.11   60.58  
86.11   67.23  
86.07   70.05  
99.71   78.25  
115.77  93.35  
134.11  110.40 
152.05  131.97 
166.91  126.34 
173.10  129.06 
183.57  137.71 
179.37  130.19 
185.46  129.83 
178.97  122.45 
167.13  119.07 
161.63  117.55 
150.37  124.39 
149.94  139.93 
167.22  128.54 
176.88  132.90 
186.54  137.96 
189.27  139.36 
192.17  142.47 
204.94  149.65 
203.97  156.98 
192.50  164.44 
193.90  140.74 
192.78  142.71 
191.15  134.04 
181.47  125.00 
172.18  122.26 
169.14  114.44 
160.13  117.89 
156.61  114.36 
149.02  123.48 
156.23  122.41 
177.75  136.39 
191.83  149.38 
210.38  164.13 
222.65  196.06 
247.01  178.66 
255.61  183.65 
264.55  196.54 
262.92  184.88 
257.81  174.61 
248.61  179.42 
252.95  186.22 
247.47  190.36 
217.88  196.27 
205.51  153.82 
199.61  141.46 
196.19  133.29 
177.99  126.74 
159.18  112.44 
149.73  100.58 
135.90  96.46  
110.33  83.14  
98.04   73.73  
102.44  73.17  
104.28  77.52  
105.87  77.19  
108.96  79.38  
106.16  75.66  
103.04  70.63  
97.71   65.89  
94.82   68.17  
91.95   67.50  
91.96   71.62  
97.37   76.09  
96.72   80.73  
96.45   73.93  
101.63  72.66  
98.59   69.26  
90.17   64.52  
84.00   56.10  
78.88   56.12  
77.94   54.19  
76.24   60.28  
83.91   68.73  
97.39   77.75  
101.36  99.05  
111.48  89.41  
116.48  83.24  
109.85  78.56  
104.73  71.46  
88.75   75.83  
85.03   64.98  
86.60   64.83  
83.45   62.97  
79.28   59.27  
80.04   56.84  
80.97   61.52  
84.65   63.86  
83.19   59.78  
80.51   49.34  
66.64   45.04  
46.78   23.72  
16.00   16.00  
0.00    0.00   
# Capacity: 35
0.00    0.00   
0.00    0.00   
59.86   49.08  
67.08   51.71  
72.61   55.70  
78.15   62.85  
85.58   65.90  
90.15   69.69  
100.48  80.72  
114.46  91.06  
133.94  106.88 
148.30  126.64 
162.38  122.13 
175.39  130.32 
181.47  133.08 
186.63  131.35 
183.90  128.94 
176.63  128.96 
170.48  115.09 
161.22  115.89 
151.10  123.16 
151.33  135.21 
167.70  134.85 
176.48  125.91 
184.89  134.37 
195.67  130.60 
194.33  136.74 
199.74  145.02 
201.96  149.41 
187.69  168.51 
194.29  148.52 
188.43  139.47 
193.66  125.97 
183.70  124.12 
168.50  123.78 
167.92  115.69 
162.91  116.04 
155.99  116.30 
152.20  122.16 
154.41  117.30 
175.02  131.09 
190.07  149.87 
210.93  164.48 
229.99  195.12 
249.62  182.79 
258.43  181.17 
268.31  188.23 
257.80  185.90 
259.33  179.21 
254.98  169.71 
253.93  178.60 
250.12  185.25 
215.67  187.91 
207.64  152.10 
204.72  142.69 
194.69  133.39 
176.26  119.92 
161.26  112.06 
148.81  98.47  
136.73  86.35  
112.76  83.42  
99.08   72.46  
101.13  75.54  
103.92  74.09  
105.33  79.51  
110.21  79.09  
105.52  77.84  
105.90  72.75  
98.73   68.63  
91.89   67.43  
93.25   66.01  
92.99   70.10  
97.78   77.02  
99.06   84.28  
99.98   73.44  
100.94  69.18  
97.77   70.83  
90.13   63.43  
81.86   61.08  
78.81   55.64  
75.49   56.90  
77.03   61.55  
81.75   68.84  
97.41   78.44  
104.34  96.58  
113.14  86.15  
114.69  78.19  
110.26  77.05  
103.15  72.16  
88.75   73.32  
85.77   64.46  
86.46   59.85  
83.80   59.51  
79.87   59.93  
81.43   59.66  
81.22   60.63  
83.91   60.05  
82.92   57.91  
76.59   50.58  
66.85   41.70  
46.87   26.75  
15.99   15.99  
0.00    0.00   
# Capacity: 36
0.00    0.00   
0.00    0.00   
60.15   46.50  
66.41   51.09  
73.77   56.82  
79.07   61.65  
85.59   62.41  
89.23   66.44  
98.35   79.54  
112.63  91.41  
135.57  109.87 
147.07  129.40 
166.79  122.60 
177.86  130.38 
176.82  127.33 
183.35  129.87 
180.43  125.05 
175.98  121.17 
172.36  123.02 
160.10  113.90 
155.53  121.87 
147.25  131.11 
168.10  127.67 
175.85  131.26 
186.38  132.20 
188.23  133.29 
193.06  137.70 
203.02  144.28 
203.44  142.81 
197.73  162.22 
188.17  140.14 
189.83  137.95 
190.14  129.69 
179.77  121.64 
175.57  115.74 
166.18  111.20 
160.34  118.60 
157.55  116.66 
151.52  122.58 
161.45  120.73 
173.07  132.67 
194.02  149.82 
214.16  161.73 
232.61  186.10 
248.49  172.79 
258.18  189.41 
266.37  187.20 
263.11  174.03 
263.06  172.74 
247.47  175.31 
255.48  169.61 
249.87  177.06 
216.48  191.92 
210.60  140.73 
201.80  134.91 
193.49  125.94 
177.75  122.05 
160.05  107.91 
151.76  101.61 
138.27  90.25  
112.25  82.55  
96.04   72.71  
101.89  73.21  
102.05  74.92  
106.24  74.93  
110.05  77.08  
106.75  74.38  
102.83  71.92  
97.59   67.56  
92.88   66.22  
91.96   66.49  
91.65   69.19  
96.83   75.33  
98.99   79.02  
99.37   73.03  
102.51  71.94  
98.12   68.73  
90.64   61.00  
81.40   59.70  
77.60   54.83  
76.76   55.67  
76.42   58.70  
81.83   65.15  
97.48   78.59  
103.53  96.66  
112.74  86.61  
117.57  81.81  
110.75  78.84  
102.74  68.91  
90.44   74.46  
83.02   64.58  
88.53   59.83  
84.69   58.39  
81.42   55.79  
82.25   55.81  
82.56   61.22  
84.75   62.60  
82.38   58.04  
77.11   52.69  
66.13   39.78  
46.83   22.40  
15.98   15.99  
0.00    0.00   
# Capacity: 37
0.00    0.00   
0.00    0.00   
59.65   47.14  
65.36   51.80  
72.04   57.17  
78.09   59.22  
83.59   63.59  
89.76   68.50  
99.89   76.47  
116.62  90.62  
135.44  109.13 
147.93  126.35 
170.36  124.07 
176.78  129.22 
178.71  128.75 
176.83  126.83 
179.86  122.13 
172.60  119.81 
170.98  117.17 
160.15  111.24 
150.30  121.26 
150.75  134.86 
173.83  128.04 
182.23  131.40 
183.94  131.77 
190.13  133.61 
194.94  141.08 
201.08  138.35 
205.30  151.03 
193.92  162.66 
194.58  137.66 
192.97  136.71 
191.61  120.94 
185.84  115.52 
175.01  112.73 
165.24  121.43 
160.47  109.48 
153.41  114.05 
147.90  119.87 
154.31  120.14 
176.06  124.41 
189.50  145.42 
216.08  166.56 
227.37  192.54 
242.77  174.91 
258.75  183.83 
258.42  189.94 
269.03  181.06 
260.52  173.81 
251.86  172.13 
249.22  172.26 
245.09  179.29 
218.08  186.18 
208.67  147.78 
205.83  137.69 
194.51  129.18 
178.91  117.15 
161.07  107.41 
145.68  97.24  
137.39  86.55  
111.95  81.58  
100.56  67.42  
101.10  72.43  
103.57  73.15  
105.48  74.08  
108.11  77.40  
106.50  75.57  
103.91  66.98  
98.92   66.43  
94.57   68.05  
91.26   67.48  
94.58   69.46  
98.55   73.04  
98.80   79.02  
99.85   72.31  
99.86   70.15  
98.35   66.71  
90.17   62.99  
83.89   56.96  
77.66   53.35  
76.05   54.66  
79.97   61.97  
84.74   65.81  
96.36   79.96  
103.83  97.18  
109.63  84.24  
118.09  81.80  
111.26  80.59  
103.48  72.29  
88.10   74.59  
85.88   61.51  
89.92   60.76  
82.31   58.45  
79.44   57.61  
81.17   57.42  
80.82   59.06  
84.50   57.64  
82.86   57.96  
76.52   52.14  
65.48   40.99  
46.86   26.22  
15.98   15.98  
0.00    0.00   
# Capacity: 38
0.00    0.00   
0.00    0.00   
60.51   46.85  
66.91   50.03  
72.43   56.22  
77.67   58.64  
84.10   61.52  
89.80   69.01  
99.21   77.45  
116.08  91.22  
132.19  108.33 
147.70  127.90 
166.57  119.95 
174.09  126.11 
176.60  130.23 
179.31  130.66 
179.79  124.20 
176.73  118.49 
166.26  113.79 
161.98  112.94 
154.42  117.38 
149.55  133.37 
170.42  127.06 
183.51  129.85 
184.06  127.87 
186.53  132.08 
194.19  137.43 
201.56  136.16 
205.85  146.65 
188.14  163.65 
196.36  137.64 
192.02  132.44 
192.12  128.81 
183.55  118.22 
172.22  115.99 
166.23  114.12 
158.56  113.43 
153.55  110.20 
146.83  122.70 
155.32  120.32 
174.64  129.35 
196.21  143.81 
214.18  164.28 
226.26  191.06 
246.36  173.69 
265.01  179.96 
266.84  178.64 
262.40  174.80 
263.60  178.84 
251.15  173.67 
258.88  173.29 
249.81  177.30 
217.67  185.07 
203.97  139.40 
203.32  132.57 
196.73  127.23 
176.94  119.67 
160.33  102.89 
146.67  95.88  
137.74  80.78  
112.32  80.70  
98.89   71.66  
99.63   69.91  
106.26  75.32  
104.94  76.23  
109.29  77.20  
105.99  77.21  
104.36  69.73  
96.69   69.62  
92.64   63.19  
91.68   62.82  
95.40   68.84  
95.56   74.09  
95.20   80.63  
100.35  68.73  
100.77  70.59  
97.37   68.55  
88.45   62.39  
82.98   55.02  
77.94   52.96  
78.06   53.94  
78.42   59.83  
83.31   63.56  
97.76   76.93  
105.17  92.62  
114.39  81.85  
116.59  77.76  
112.20  74.86  
104.60  71.50  
88.20   72.11  
83.38   62.18  
86.61   58.54  
84.63   54.29  
81.81   53.89  
79.73   56.14  
81.71   57.97  
84.27   58.68  
85.15   60.01  
79.55   53.25  
67.55   38.73  
46.87   24.14  
15.99   15.98  
0.00    0.00   
# Capacity: 39
0.00    0.00   
0.00    0.00   
60.90   45.26  
67.09   51.21  
72.63   55.41  
79.36   59.38  
84.26   63.07  
92.69   67.80  
99.74   73.67  
115.93  92.50  
134.03  108.56 
151.42  125.79 
166.89  115.46 
176.34  125.08 
179.58  125.68 
184.44  126.54 
183.13  121.03 
178.72  118.30 
168.77  113.73 
163.84  106.79 
153.55  122.48 
143.48  133.79 
165.70  121.64 
181.68  127.40 
184.31  134.67 
191.21  127.12 
187.14  132.01 
196.07  143.19 
204.62  145.17 
187.72  159.44 
194.30  134.30 
189.96  136.97 
191.11  119.82 
183.77  114.59 
174.10  111.48 
165.25  111.85 
163.01  107.72 
157.03  113.99 
151.99  114.42 
155.48  113.77 
178.38  127.97 
190.49  144.10 
213.08  157.78 
225.51  179.94 
250.59  173.72 
253.30  178.20 
270.61  178.99 
266.01  176.21 
255.97  172.55 
253.52  163.63 
252.11  166.63 
245.20  172.23 
222.12  184.49 
206.99  136.95 
200.01  131.76 
193.60  126.89 
182.38  114.61 
162.84  110.54 
151.01  93.75  
135.90  81.55  
111.55  80.45  
99.38   68.52  
100.14  70.50  
104.65  71.96  
109.36  73.35  
111.50  73.25  
105.26  70.18  
103.83  67.11  
100.53  65.04  
92.13   62.41  
91.74   62.53  
95.77   67.45  
96.59   67.54  
96.53   79.51  
101.82  71.91  
102.99  69.12  
97.85   63.70  
92.14   62.80  
81.94   53.23  
78.49   51.64  
77.78   52.99  
77.34   58.04  
86.03   67.26  
96.10   75.89  
105.34  95.71  
116.91  82.99  
118.00  75.63  
111.54  74.82  
104.03  69.55  
88.24   71.62  
85.29   61.01  
86.50   58.19  
83.71   55.85  
80.03   53.72  
80.46   57.98  
82.10   59.67  
84.76   58.88  
82.90   56.59  
77.65   49.83  
66.88   38.95  
46.83   22.54  
15.99   15.97  
0.00    0.00   
# Capacity: 40
0.00    0.00   
0.00    0.00   
61.66   45.37  
65.33   51.34  
72.50   54.65  
77.92   59.32  
85.68   60.42  
92.14   67.15  
100.92  76.57  
112.31  89.96  
133.11  104.79 
149.47  120.51 
168.38  116.54 
172.78  123.89 
182.41  124.36 
182.80  119.73 
184.46  115.48 
176.39  112.85 
165.32  112.10 
165.46  107.98 
155.66  119.05 
154.31  133.98 
167.57  124.99 
179.25  127.27 
183.65  137.20 
193.03  130.78 
195.63  131.33 
200.42  136.91 
207.29  145.20 
193.51  156.32 
193.63  140.61 
193.37  132.23 
191.10  127.64 
180.31  116.87 
172.51  110.35 
171.56  106.21 
162.78  109.02 
156.20  107.13 
149.28  118.77 
158.53  113.69 
177.25  123.95 
193.94  142.48 
216.70  161.87 
226.92  180.28 
252.93  173.57 
261.65  173.03 
265.34  181.42 
266.26  170.32 
264.06  170.88 
255.50  164.57 
251.31  165.09 
248.93  175.48 
214.69  185.61 
210.17  137.15 
199.67  136.92 
195.88  123.23 
178.34  115.91 
161.48  109.35 
149.25  92.15  
139.23  87.83  
113.74  78.09  
98.35   69.35  
101.38  70.23  
104.55  72.19  
108.56  70.97  
111.04  74.41  
108.13  73.12  
103.66  65.74  
97.72   67.12  
94.25   61.50  
91.86   64.62  
94.73   66.76  
95.49   75.12  
96.56   79.28  
101.05  70.55  
101.31  69.06  
94.43   62.71  
89.88   60.18  
81.55   54.65  
79.04   54.11  
77.08   52.35  
78.12   58.50  
84.30   64.29  
97.34   75.86  
105.87  94.44  
111.00  82.87  
114.98  74.22  
112.29  74.73  
104.72  69.27  
88.10   70.94  
85.07   61.19  
89.35   57.72  
84.09   56.28  
80.38   53.50  
80.16   55.06  
82.57   59.50  
85.18   58.35  
83.53   54.63  
75.83   48.99  
65.32   38.93  
46.85   19.72  
16.00   15.98  
0.00    0.00   
# Capacity: 41
0.00    0.00   
0.00    0.00   
0.00    0.00   
63.95   45.26  
65.75   47.56  
70.91   51.92  
79.35   51.80  
80.71   53.92  
86.97   71.07  
103.67  75.00  
121.49  98.57  
140.35  109.62 
154.02  106.83 
168.64  101.78 
168.08  114.16 
168.27  117.84 
169.30  109.85 
164.56  107.97 
154.48  98.37  
139.22  100.89 
144.10  107.83 
136.56  115.31 
146.95  103.40 
168.48  119.00 
169.79  113.13 
168.49  121.86 
168.97  113.32 
176.78  122.78 
193.27  111.61 
175.43  139.57 
181.63  114.50 
177.47  117.75 
164.23  112.54 
172.44  108.92 
164.07  101.35 
152.12  100.57 
147.07  96.92  
140.31  95.29  
138.15  102.93 
142.74  106.63 
150.20  112.93 
174.17  129.85 
193.19  146.29 
208.25  164.84 
224.96  150.58 
240.84  159.53 
238.87  149.97 
241.05  158.24 
230.16  147.25 
233.73  151.32 
239.47  154.00 
230.88  147.07 
187.03  158.85 
196.20  119.42 
191.34  113.05 
185.02  110.41 
166.09  101.02 
142.89  93.58  
141.23  79.98  
126.96  66.86  
103.09  71.43  
90.15   58.59  
92.48   57.54  
97.82   62.44  
93.82   64.17  
100.45  65.71  
98.34   59.69  
96.77   56.19  
86.25   57.14  
88.01   55.54  
86.91   54.65  
85.05   57.73  
81.16   67.95  
93.30   70.64  
87.89   59.50  
94.67   59.98  
89.32   57.64  
82.89   51.07  
75.50   49.24  
72.77   47.53  
70.34   44.28  
67.93   51.61  
77.77   59.93  
89.26   64.12  
97.83   81.02  
105.82  75.98  
106.87  69.71  
105.61  68.08  
96.28   60.91  
79.49   65.30  
80.46   55.90  
82.00   51.97  
77.94   50.60  
72.33   48.13  
71.22   47.10  
73.92   49.76  
79.94   51.85  
75.78   50.04  
74.55   42.46  
64.29   37.10  
45.99   18.45  
15.22   15.64  
0.00    0.00   
# Capacity: 42
0.00    0.00   
0.00    0.00   
0.00    0.00   
60.10   43.32  
65.36   48.64  
69.44   52.25  
75.35   49.10  
79.05   56.68  
87.99   64.93  
102.44  79.19  
125.97  92.00  
131.92  112.69 
150.74  83.93  
163.25  112.68 
168.42  107.12 
168.25  111.61 
167.29  101.69 
158.35  95.78  
153.69  97.55  
140.25  100.84 
132.38  104.47 
141.07  120.05 
152.40  102.13 
168.32  107.50 
172.09  108.74 
178.86  110.51 
173.58  115.53 
180.78  115.66 
181.73  120.78 
179.18  139.43 
178.60  122.19 
174.04  113.86 
175.45  111.62 
161.00  105.61 
157.28  91.33  
153.85  98.24  
146.15  97.00  
139.00  86.07  
133.60  99.00  
137.40  88.51  
162.27  110.08 
176.09  115.37 
196.54  141.59 
218.02  163.12 
225.87  150.72 
237.62  154.06 
235.29  155.75 
229.20  146.40 
225.85  139.43 
217.70  145.71 
232.86  147.22 
236.47  144.53 
202.42  161.97 
185.09  117.12 
192.65  111.13 
187.72  113.89 
158.58  108.58 
147.59  90.22  
142.63  76.14  
117.13  72.34  
102.39  71.31  
89.62   58.51  
93.67   58.61  
94.41   59.99  
98.18   61.71  
98.18   63.27  
101.44  62.58  
96.29   61.98  
84.36   53.99  
86.96   57.29  
87.54   54.85  
88.88   62.20  
89.87   62.95  
92.03   71.85  
92.82   59.36  
92.23   56.86  
88.89   58.96  
85.16   54.72  
68.97   48.86  
70.62   45.05  
72.17   46.85  
66.01   52.22  
74.25   53.12  
92.58   69.11  
93.43   79.62  
105.01  70.00  
105.88  61.02  
106.36  65.77  
97.54   60.01  
79.57   63.40  
76.48   49.16  
78.26   49.12  
81.04   46.61  
72.10   46.43  
75.73   48.29  
74.78   51.45  
78.41   49.75  
74.40   48.44  
73.95   44.96  
61.94   31.69  
45.29   21.31  
15.56   15.59  
0.00    0.00   
# Capacity: 43
0.00    0.00   
0.00    0.00   
0.00    0.00   
62.00   41.99  
65.80   44.46  
72.12   50.57  
77.17   52.98  
85.02   58.54  
90.86   64.77  
101.10  74.31  
114.67  91.68  
132.29  104.24 
156.40  93.88  
154.34  105.59 
168.01  104.82 
165.84  111.03 
162.36  98.75  
166.07  95.82  
148.47  100.65 
153.95  89.98  
141.40  109.41 
128.37  110.83 
154.01  95.24  
169.43  105.02 
177.15  111.96 
179.24  111.41 
178.95  120.20 
185.07  117.88 
190.66  123.18 
172.79  143.77 
177.49  106.67 
183.70  111.77 
180.96  101.62 
175.36  97.90  
151.78  94.31  
156.99  97.70  
149.25  90.05  
141.07  96.24  
136.82  99.89  
140.65  93.07  
155.29  105.86 
178.74  111.85 
198.44  137.62 
204.06  162.03 
214.01  146.04 
232.30  144.36 
223.18  154.57 
242.33  142.82 
231.69  142.35 
217.88  152.90 
221.57  140.78 
230.68  139.32 
204.60  166.35 
194.31  122.97 
188.75  114.69 
176.75  106.53 
166.05  95.57  
151.14  87.53  
140.17  87.09  
125.75  71.38  
103.91  70.95  
88.26   56.92  
87.70   57.22  
96.87   57.57  
92.88   62.36  
101.00  64.65  
100.96  61.31  
93.92   57.80  
86.61   57.40  
84.88   56.12  
82.98   55.76  
88.98   55.07  
89.88   59.30  
92.42   63.23  
87.88   59.22  
94.57   56.14  
86.98   55.91  
83.35   50.30  
72.04   38.86  
74.12   42.86  
70.90   41.77  
70.80   48.80  
74.21   54.91  
88.42   62.55  
93.79   81.44  
99.19   68.80  
108.61  70.21  
106.62  63.98  
94.99   59.68  
80.66   61.19  
75.10   50.36  
81.14   46.08  
76.91   48.31  
73.85   48.13  
66.11   47.97  
75.95   48.21  
74.36   50.80  
77.84   47.57  
72.83   39.38  
60.90   34.84  
45.92   17.50  
15.64   15.15  
0.00    0.00   
# Capacity: 44
0.00    0.00   
0.00    0.00   
0.00    0.00   
57.59   44.66  
67.14   47.52  
71.32   48.03  
80.24   52.44  
80.26   60.01  
90.92   65.76  
103.61  75.93  
113.55  95.77  
132.17  100.87 
152.85  94.73  
161.93  109.93 
164.86  107.47 
160.55  104.73 
167.82  97.87  
164.35  101.32 
159.68  94.74  
141.64  86.98  
136.08  103.91 
131.67  109.19 
148.88  100.36 
160.74  106.69 
162.60  113.43 
175.72  103.41 
176.81  108.41 
188.12  113.50 
181.96  126.66 
166.89  134.27 
174.80  108.93 
180.29  109.46 
176.12  96.16  
169.38  95.75  
147.94  89.55  
152.41  82.63  
137.29  90.48  
131.58  91.02  
141.31  105.17 
136.29  98.22  
151.77  97.38  
167.75  117.32 
189.05  143.79 
199.98  164.74 
224.77  143.16 
242.21  159.32 
235.04  145.54 
238.15  151.09 
239.14  139.20 
227.28  139.10 
232.05  144.14 
223.30  140.83 
204.55  152.86 
188.93  112.42 
182.22  103.76 
172.58  110.48 
158.05  98.21  
150.76  84.55  
144.80  80.87  
120.22  71.12  
101.81  67.37  
88.12   55.37  
89.94   59.03  
94.00   62.93  
96.32   62.31  
101.95  62.34  
97.11   55.52  
98.28   56.62  
92.42   55.06  
84.08   57.21  
89.00   51.84  
84.41   59.10  
87.53   62.60  
92.90   65.62  
87.62   58.32  
92.61   58.14  
90.77   53.38  
79.51   47.28  
73.17   47.71  
73.07   48.00  
70.26   45.56  
66.31   45.88  
77.09   54.34  
88.70   69.37  
81.90   83.36  
100.61  68.11  
105.11  62.56  
100.79  62.82  
95.22   60.54  
79.50   62.33  
72.86   50.76  
77.91   47.75  
75.69   45.95  
76.03   45.77  
75.22   49.12  
73.63   50.11  
75.83   49.80  
78.46   45.12  
71.44   45.35  
61.98   29.92  
45.38   16.59  
15.25   15.36  
0.00    0.00   
# Capacity: 45
0.00    0.00   
0.00    0.00   
0.00    0.00   
57.86   43.47  
66.43   48.02  
65.54   44.42  
75.71   48.23  
81.20   52.57  
88.50   65.58  
101.03  75.68  
115.73  91.38  
139.54  104.38 
154.88  84.21  
160.15  97.04  
167.39  107.04 
159.00  98.62  
165.36  95.75  
162.92  89.58  
149.43  80.35  
148.73  84.44  
140.43  102.41 
130.32  114.10 
150.90  108.17 
162.43  103.41 
159.92  106.83 
166.34  108.05 
170.06  110.92 
178.96  100.97 
184.78  116.40 
172.72  142.22 
178.68  111.90 
164.79  106.58 
178.15  107.93 
166.07  95.26  
160.68  96.15  
154.37  89.69  
151.10  86.15  
146.23  86.00  
131.04  95.81  
146.66  99.12  
140.28  101.53 
174.72  121.93 
187.78  133.18 
211.30  159.67 
230.57  146.76 
233.62  141.04 
240.31  147.06 
245.82  140.20 
238.85  132.95 
210.39  136.52 
229.65  144.96 
223.66  142.44 
205.77  160.89 
188.11  111.58 
190.61  108.01 
188.29  100.50 
158.96  95.01  
146.36  81.98  
139.51  75.30  
131.47  70.49  
101.68  67.41  
89.21   59.08  
93.51   56.07  
95.06   54.12  
99.90   61.94  
98.86   54.38  
96.91   59.83  
91.85   53.67  
90.91   51.89  
87.06   50.31  
81.42   47.88  
85.51   61.18  
85.55   60.11  
90.08   58.00  
89.76   60.98  
91.07   53.30  
91.95   51.03  
85.23   45.59  
71.72   44.74  
69.56   39.20  
70.52   43.73  
68.40   44.02  
75.19   45.72  
90.03   68.63  
95.88   79.62  
101.24  68.17  
100.61  64.88  
104.97  57.71  
93.90   55.78  
80.66   64.00  
76.49   50.09  
80.16   49.37  
76.03   44.85  
73.40   45.03  
72.42   48.07  
75.74   50.92  
79.61   50.86  
79.29   44.25  
73.55   41.10  
63.04   32.53  
44.95   17.34  
15.58   15.48  
0.00    0.00   
# Capacity: 46
0.00    0.00   
0.00    0.00   
0.00    0.00   
62.08   41.03  
66.71   44.32  
74.20   48.04  
75.29   51.34  
83.11   51.68  
86.77   65.32  
96.10   78.22  
111.99  91.34  
143.67  94.48  
156.30  92.68  
165.18  108.08 
164.36  100.40 
152.10  104.91 
166.26  102.40 
168.42  85.25  
149.12  87.22  
142.16  87.19  
132.80  99.99  
133.92  114.16 
149.35  97.95  
155.58  99.95  
170.74  108.17 
172.89  110.53 
173.19  97.27  
183.16  101.73 
182.29  120.62 
178.44  137.34 
170.02  114.99 
184.01  106.71 
172.85  95.71  
163.97  91.48  
154.89  88.20  
150.73  91.40  
148.46  88.44  
142.89  100.25 
126.64  101.80 
142.65  87.08  
156.57  103.72 
164.86  113.95 
189.51  128.28 
204.50  144.68 
228.42  148.90 
227.46  141.06 
235.29  138.60 
237.28  148.29 
232.76  135.03 
231.29  136.58 
235.78  143.48 
238.45  137.93 
183.19  154.05 
180.10  118.05 
187.73  105.48 
180.76  98.22  
162.62  95.55  
149.31  80.58  
137.07  74.68  
125.30  65.27  
101.51  65.86  
92.65   57.45  
93.21   56.80  
91.80   60.26  
89.40   58.76  
93.68   57.31  
96.97   55.45  
91.02   55.90  
85.40   50.83  
86.96   47.63  
80.31   50.68  
83.43   53.60  
90.71   61.10  
93.40   66.78  
86.44   59.46  
93.42   53.56  
87.29   51.52  
86.04   48.28  
76.87   41.11  
71.78   40.85  
67.36   45.09  
68.02   46.77  
77.08   52.67  
87.72   66.61  
92.46   77.41  
104.53  62.72  
97.34   56.41  
99.20   58.48  
96.61   53.76  
82.13   60.43  
76.90   50.30  
81.53   45.74  
75.95   43.24  
72.46   45.62  
66.02   44.33  
77.84   47.54  
77.72   48.86  
70.98   46.81  
71.61   37.38  
61.30   29.06  
43.10   14.58  
15.48   15.34  
0.00    0.00   
# Capacity: 47
0.00    0.00   
0.00    0.00   
0.00    0.00   
57.38   41.28  
63.09   40.68  
70.05   49.01  
73.10   44.40  
75.66   50.41  
83.79   60.44  
98.47   74.49  
115.81  87.84  
137.72  102.23 
151.54  93.30  
156.29  105.51 
166.16  102.85 
173.66  98.48  
161.29  98.45  
155.44  87.79  
152.98  90.62  
144.75  88.17  
134.88  96.37  
130.05  114.33 
148.34  101.38 
157.40  101.42 
173.44  98.79  
176.26  102.33 
171.27  108.55 
175.04  112.34 
184.30  109.77 
161.63  125.73 
170.03  104.06 
180.92  100.29 
175.32  94.40  
164.45  88.48  
167.01  91.93  
154.99  84.69  
153.90  83.11  
134.31  86.46  
141.73  89.19  
140.74  82.48  
152.44  98.24  
171.70  116.07 
174.76  131.72 
204.14  145.26 
212.49  135.12 
246.48  150.64 
231.12  148.73 
240.82  142.15 
223.40  138.84 
237.00  132.65 
236.16  132.22 
234.52  132.12 
201.66  155.31 
190.82  105.89 
182.62  101.10 
179.88  95.36  
156.13  93.74  
145.90  89.36  
139.43  65.96  
125.58  61.35  
102.05  63.51  
86.40   49.58  
93.85   55.84  
95.69   58.88  
99.29   59.69  
100.07  57.52  
97.65   52.64  
94.66   46.27  
90.36   53.72  
84.03   53.19  
85.50   52.86  
85.52   55.91  
83.30   55.22  
86.50   66.17  
93.36   60.62  
92.54   54.45  
87.89   53.64  
86.92   46.15  
73.30   46.15  
75.75   44.32  
70.20   42.41  
64.74   45.01  
73.83   51.86  
83.64   64.19  
89.22   81.58  
102.71  62.83  
107.76  61.38  
106.15  60.99  
93.08   59.91  
76.20   57.99  
74.55   49.52  
74.25   45.42  
72.61   43.62  
71.22   39.22  
70.54   47.10  
72.42   46.27  
74.73   45.82  
73.23   44.27  
72.16   36.79  
61.31   30.97  
44.92   14.45  
14.83   14.96  
0.00    0.00   
# Capacity: 48
0.00    0.00   
0.00    0.00   
0.00    0.00   
61.24   39.37  
64.83   43.67  
68.18   45.80  
72.93   49.04  
79.90   53.54  
91.87   63.89  
107.72  73.38  
119.69  79.64  
130.91  98.55  
149.48  92.90  
164.14  98.44  
164.32  100.43 
166.10  92.17  
164.03  92.18  
165.08  84.13  
152.53  86.67  
137.37  75.81  
134.12  107.06 
122.84  108.32 
141.85  100.93 
161.84  94.27  
159.56  105.31 
173.77  103.92 
173.94  110.04 
181.71  116.32 
185.35  111.86 
157.64  134.98 
169.95  110.90 
171.44  103.59 
167.04  95.67  
161.14  89.61  
151.08  88.35  
144.80  87.74  
146.93  90.64  
137.30  85.45  
132.66  94.64  
139.47  85.35  
156.40  100.28 
176.36  114.34 
186.36  135.14 
194.11  146.20 
206.14  132.32 
227.36  129.91 
239.70  136.02 
239.49  136.07 
242.74  132.09 
230.31  119.67 
226.66  137.58 
220.34  132.07 
200.96  147.25 
182.77  113.87 
184.10  101.07 
173.57  95.05  
170.21  92.11  
147.37  79.49  
136.83  76.25  
120.74  61.28  
106.19  67.01  
90.26   51.44  
90.68   54.20  
92.09   55.53  
97.13   58.36  
103.11  61.16  
97.80   55.26  
97.32   50.09  
86.71   48.98  
83.01   47.35  
83.06   49.12  
84.18   54.98  
87.97   56.67  
96.54   65.85  
93.48   55.27  
95.16   53.34  
87.25   47.81  
82.17   43.83  
72.57   46.03  
63.35   39.61  
69.02   39.26  
66.43   44.87  
79.82   50.97  
87.09   65.36  
90.86   70.06  
103.85  63.84  
104.63  60.06  
98.86   54.66  
89.94   54.19  
81.56   60.30  
72.70   46.71  
77.96   44.68  
78.13   40.05  
70.04   42.43  
73.67   46.28  
74.14   49.76  
78.49   43.45  
74.77   38.98  
72.78   36.86  
63.03   29.30  
43.57   15.43  
15.41   15.34  
0.00    0.00   
# Capacity: 49
0.00    0.00   
0.00    0.00   
0.00    0.00   
53.56   38.48  
67.37   46.05  
68.46   42.29  
74.25   47.28  
80.21   52.09  
86.28   54.40  
103.20  69.16  
110.27  90.48  
136.58  98.77  
158.15  91.70  
161.39  105.13 
162.64  100.12 
161.82  97.05  
165.10  94.87  
167.44  77.35  
146.34  88.68  
149.35  80.40  
142.79  96.59  
128.77  104.89 
147.84  90.72  
150.63  93.65  
170.10  98.62  
168.50  104.30 
163.91  99.19  
184.90  109.41 
171.38  114.17 
172.98  128.56 
173.82  100.10 
176.81  107.71 
172.96  94.05  
165.18  83.70  
157.14  82.71  
148.53  81.28  
148.39  83.83  
131.47  89.68  
139.96  94.18  
142.58  90.11  
148.64  101.46 
173.29  117.51 
187.98  122.95 
207.25  136.75 
230.04  118.97 
230.26  139.64 
234.89  135.43 
234.55  116.59 
234.77  127.75 
227.44  135.52 
230.03  128.41 
225.30  141.10 
196.20  157.96 
187.64  99.28  
181.08  102.12 
178.05  91.88  
159.43  83.98  
145.10  77.79  
134.70  66.73  
124.41  58.83  
99.57   63.91  
86.46   53.34  
91.49   52.31  
94.33   60.02  
93.47   60.56  
100.34  55.96  
98.15   51.91  
99.39   52.74  
78.77   47.98  
82.76   50.28  
82.82   51.00  
77.92   50.21  
91.05   54.38  
91.04   61.12  
87.36   54.30  
89.81   51.07  
85.77   52.74  
79.51   47.53  
71.81   40.44  
74.67   40.48  
67.00   42.89  
71.38   45.48  
74.33   51.20  
89.44   61.34  
92.67   71.26  
103.66  68.30  
105.59  58.73  
98.20   54.20  
90.39   52.57  
79.63   59.47  
77.53   50.00  
78.93   45.95  
77.52   39.86  
71.39   42.33  
73.35   44.85  
74.54   42.99  
75.23   41.19  
77.47   46.17  
69.39   34.17  
61.06   28.05  
43.88   13.12  
15.19   15.12  
0.00    0.00   
# Capacity: 50
37.27   37.31  
50.88   49.81  
0.00    0.00   
0.00    0.00   
0.00    0.00   
0.00    0.00   
0.00    0.00   
0.00    0.00   
0.00    0.00   
0.00    0.00   
0.00    0.00   
0.00    0.00   
0.00    0.00   
0.00    0.00   
0.00    0.00   
0.00    0.00   
0.00    0.00   
0.00    0.00   
0.00    0.00   
0.00    0.00   
0.00    0.00   
0.00    0.00   
0.00    0.00   
0.00    0.00   
0.00    0.00   
0.00    0.00   
0.00    0.00   
0.00    0.00   
0.00    0.00   
0.00    0.00   
0.00    0.00   
0.00    0.00   
0.00    0.00   
0.00    0.00   
0.00    0.00   
0.00    0.00   
0.00    0.00   
0.00    0.00   
0.00    0.00   
0.00    0.00   
0.00    0.00   
0.00    0.00   
0.00    0.00   
0.00    0.00   
0.00    0.00   
0.00    0.00   
0.00    0.00   
0.00    0.00   
0.00    0.00   
0.00    0.00   
0.00    0.00   
0.00    0.00   
0.00    0.00   
0.00    0.00   
0.00    0.00   
0.00    0.00   
0.00    0.00   
0.00    0.00   
0.00    0.00   
0.00    0.00   
0.00    0.00   
0.00    0.00   
0.00    0.00   
0.00    0.00   
0.00    0.00   
0.00    0.00   
0.00    0.00   
0.00    0.00   
0.00    0.00   
0.00    0.00   
0.00    0.00   
0.00    0.00   
0.00    0.00   
0.00    0.00   
0.00    0.00   
0.00    0.00   
0.00    0.00   
0.00    0.00   
0.00    0.00   
0.00    0.00   
0.00    0.00   
0.00    0.00   
0.00    0.00   
0.00    0.00   
0.00    0.00   
0.00    0.00   
0.00    0.00   
0.00    0.00   
0.00    0.00   
0.00    0.00   
0.00    0.00   
0.00    0.00   
0.00    0.00   
0.00    0.00   
0.00    0.00   
0.00    0.00   
0.00    0.00   
0.00    0.00   
0.00    0.00   
0.00    0.00   
0.00    0.00   
0.00    0.00   
0.00    0.00   
# Capacity: 51
