# Array shape: Capacity, Customer, Action (51, 103, 2)
0.00    0.00   
0.00    0.00   
0.00    0.00   
54.34   62.24  
60.28   68.58  
70.08   73.48  
75.76   77.53  
77.65   82.44  
85.19   82.57  
99.80   110.19 
121.82  124.83 
128.60  152.24 
145.03  144.95 
152.20  158.08 
164.24  172.11 
148.81  172.16 
162.85  165.14 
154.76  168.42 
153.16  145.58 
140.10  151.35 
132.60  141.84 
132.36  159.83 
138.17  151.51 
156.23  162.14 
164.04  177.28 
160.13  171.90 
160.29  164.08 
185.12  186.11 
189.66  183.81 
167.51  203.21 
180.45  184.62 
180.84  177.84 
169.39  169.66 
151.74  166.86 
153.52  144.52 
153.10  150.80 
143.23  134.90 
138.29  142.02 
133.82  144.18 
138.90  147.38 
150.19  158.46 
170.33  153.80 
190.58  201.72 
204.26  237.60 
219.47  213.39 
231.15  228.34 
225.05  249.49 
237.81  249.49 
217.92  233.85 
228.38  234.23 
228.77  225.14 
222.03  218.58 
199.80  231.01 
181.28  184.11 
190.01  183.42 
172.60  185.20 
155.95  165.22 
150.27  145.52 
136.51  139.32 
122.59  129.35 
105.31  104.97 
93.50   89.91  
91.89   89.93  
93.44   98.31  
92.88   100.00 
96.40   99.74  
96.22   98.14  
97.02   95.32  
92.44   89.27  
80.61   87.72  
80.16   82.55  
74.70   79.13  
86.29   91.56  
85.95   101.10 
90.15   92.68  
87.16   96.12  
87.20   92.48  
82.06   82.52  
75.05   77.70  
70.47   73.56  
65.24   70.97  
65.34   69.24  
77.56   79.33  
87.27   92.82  
89.43   114.89 
102.66  111.27 
100.17  106.22 
98.39   103.14 
92.11   88.73  
78.01   83.90  
74.50   84.52  
80.85   79.80  
73.49   77.58  
73.16   69.56  
70.75   71.53  
72.28   74.76  
75.93   79.12  
74.82   79.89  
71.65   76.58  
58.01   65.98  
44.67   42.20  
15.04   14.37  
0.00    0.00   
# Capacity: 1
0.00    0.00   
0.00    0.00   
61.08   62.45  
63.71   71.42  
71.83   75.36  
78.66   82.63  
84.33   88.28  
91.52   90.18  
99.40   100.49 
114.35  116.65 
133.29  137.84 
146.55  174.52 
168.39  168.37 
172.68  183.82 
178.98  182.92 
185.28  186.19 
186.18  184.10 
174.53  180.63 
163.23  165.93 
162.83  158.74 
154.40  155.25 
149.14  177.65 
171.62  168.79 
181.64  179.96 
182.10  190.62 
190.49  189.22 
192.88  192.07 
200.31  202.85 
206.99  202.85 
190.74  223.78 
191.42  194.82 
195.65  189.92 
194.70  198.39 
185.02  181.10 
173.75  168.16 
167.33  166.95 
164.67  161.64 
155.38  155.96 
148.49  157.99 
157.79  158.17 
175.70  178.49 
191.00  198.17 
214.30  223.03 
224.41  261.04 
251.60  250.35 
256.33  260.60 
263.76  272.67 
260.27  264.36 
259.11  254.22 
247.84  251.20 
247.67  250.26 
249.00  249.87 
215.34  255.20 
204.03  211.68 
202.51  204.53 
192.91  194.48 
175.79  182.74 
161.72  158.77 
149.65  150.12 
135.43  138.82 
111.70  112.84 
100.22  100.45 
101.75  106.04 
101.20  105.51 
106.34  108.76 
107.24  109.71 
107.81  109.88 
100.96  102.81 
97.14   98.82  
94.02   95.37  
91.36   91.70  
94.45   93.32  
97.68   100.06 
99.10   111.59 
101.48  102.60 
101.36  100.21 
97.77   101.68 
90.78   92.89  
84.55   83.44  
77.17   79.82  
75.33   75.34  
75.80   78.90  
84.59   84.46  
95.71   101.58 
105.77  127.42 
113.24  123.76 
116.48  117.06 
110.26  111.45 
103.01  103.97 
87.24   94.19  
86.07   89.55  
86.47   89.99  
84.45   86.16  
81.48   80.60  
78.55   78.71  
81.92   84.36  
84.98   87.72  
81.26   84.94  
79.41   80.91  
65.41   67.50  
46.85   46.84  
15.98   15.98  
0.00    0.00   
# Capacity: 2
0.00    0.00   
0.00    0.00   
61.96   61.19  
65.74   67.56  
72.38   75.45  
79.08   81.87  
82.67   85.68  
91.36   91.35  
102.02  98.50  
114.81  117.31 
136.72  141.51 
149.03  174.06 
163.46  172.36 
174.21  180.44 
184.60  185.50 
178.03  183.64 
185.64  185.32 
177.09  177.35 
167.48  167.85 
160.84  158.30 
154.84  155.52 
150.42  180.33 
169.43  173.74 
181.61  179.98 
182.78  191.51 
187.76  190.56 
192.65  196.35 
199.94  195.27 
202.61  208.63 
192.34  215.40 
188.07  198.53 
195.54  197.32 
191.62  190.16 
186.20  176.15 
175.57  171.84 
169.76  165.76 
156.34  164.75 
152.92  151.85 
151.77  160.00 
159.67  158.24 
176.81  170.87 
188.20  195.35 
215.11  216.61 
227.57  253.85 
248.48  245.79 
262.06  260.45 
260.59  261.73 
260.10  262.30 
255.71  254.35 
242.84  247.33 
250.62  249.92 
242.59  253.04 
209.67  250.91 
202.83  207.55 
202.13  205.30 
193.17  193.25 
179.51  177.04 
160.63  155.24 
146.83  146.53 
135.30  135.18 
111.32  112.34 
100.95  99.15  
99.30   102.67 
104.68  102.50 
108.09  108.63 
106.47  110.69 
108.25  111.83 
102.43  98.32  
100.22  99.55  
93.27   91.96  
90.31   92.83  
93.60   95.00  
96.52   100.28 
96.81   107.28 
100.84  102.71 
101.05  102.82 
97.25   99.65  
90.23   91.06  
84.39   82.44  
78.54   79.20  
75.85   77.00  
76.64   74.90  
84.94   81.03  
97.73   100.59 
103.90  128.68 
113.55  120.18 
117.69  117.92 
110.83  111.89 
103.35  101.43 
88.13   95.86  
84.24   86.72  
86.44   89.40  
85.29   83.81  
80.40   77.54  
81.41   79.15  
81.05   83.88  
83.32   87.77  
82.51   85.52  
76.49   78.31  
67.04   66.58  
46.85   46.67  
15.99   15.97  
0.00    0.00   
# Capacity: 3
0.00    0.00   
0.00    0.00   
59.58   60.81  
65.48   66.98  
71.98   74.85  
77.80   81.17  
82.82   88.14  
88.67   89.09  
98.71   100.33 
115.68  115.68 
137.85  137.92 
152.85  173.23 
167.80  170.29 
172.83  174.11 
178.01  186.89 
178.55  185.13 
187.27  183.45 
177.97  176.46 
169.47  160.49 
160.52  160.86 
153.59  153.95 
147.87  174.67 
165.04  171.61 
177.57  182.55 
186.34  187.16 
191.18  180.32 
191.05  196.56 
198.98  195.57 
203.63  199.19 
192.96  214.57 
194.55  196.44 
193.11  197.83 
193.55  188.28 
184.20  178.17 
174.74  169.84 
169.43  165.40 
158.14  156.60 
156.79  150.97 
148.63  157.97 
152.02  159.62 
176.40  176.02 
187.15  188.07 
216.12  216.70 
231.55  253.66 
246.91  243.19 
257.83  254.64 
263.66  266.65 
263.34  262.54 
253.85  252.45 
248.18  250.57 
249.08  243.88 
244.18  253.24 
212.56  253.99 
209.80  202.85 
203.58  200.67 
195.91  190.70 
177.17  176.01 
160.47  160.27 
150.26  145.21 
138.04  135.28 
112.68  108.69 
99.17   99.51  
102.09  103.89 
102.97  103.74 
108.42  108.72 
109.38  108.08 
107.40  112.60 
105.22  101.95 
97.65   96.84  
96.31   93.94  
91.08   92.41  
95.05   92.31  
97.47   102.18 
99.68   110.11 
101.60  103.16 
100.05  102.04 
97.40   102.46 
91.23   88.75  
83.11   80.11  
78.73   80.63  
75.28   77.49  
75.13   77.39  
84.10   81.51  
97.33   99.12  
102.90  124.18 
112.22  121.15 
118.69  115.32 
111.73  108.04 
103.15  102.19 
89.70   92.66  
84.36   91.12  
87.04   86.49  
84.01   83.42  
79.82   79.37  
80.27   77.13  
81.55   84.02  
85.98   86.88  
83.37   81.45  
76.64   79.55  
67.69   66.14  
46.88   46.85  
16.00   15.97  
0.00    0.00   
# Capacity: 4
0.00    0.00   
0.00    0.00   
61.47   61.19  
66.51   66.77  
71.56   72.26  
77.87   77.05  
84.24   85.12  
91.26   91.16  
98.17   102.12 
116.45  118.56 
136.75  139.18 
151.32  165.16 
171.45  167.38 
177.68  174.00 
178.62  180.67 
180.72  180.57 
184.30  181.15 
181.76  173.34 
171.09  162.25 
161.62  156.75 
155.23  150.88 
152.19  176.09 
166.39  166.20 
179.49  179.26 
185.90  190.64 
190.74  186.56 
194.49  189.50 
198.46  195.41 
204.96  205.77 
190.99  212.85 
193.27  192.48 
190.60  196.58 
189.00  187.51 
183.71  175.35 
172.47  168.86 
163.81  160.70 
160.03  158.95 
156.73  152.88 
143.92  153.41 
156.03  155.37 
174.27  166.09 
193.38  191.09 
214.70  216.92 
223.21  256.41 
246.13  249.46 
246.44  254.36 
261.09  257.29 
260.87  249.04 
260.74  244.41 
252.21  244.18 
247.63  246.50 
246.28  244.76 
215.79  248.78 
204.42  206.81 
194.82  202.53 
195.66  191.93 
177.22  173.15 
161.63  153.39 
152.24  147.30 
138.04  137.09 
112.56  106.94 
98.65   96.55  
98.71   97.72  
107.98  104.77 
105.11  108.56 
110.96  108.18 
105.25  106.05 
103.30  97.85  
97.54   94.69  
93.29   91.76  
92.83   90.78  
93.39   90.85  
97.86   99.16  
99.30   108.04 
101.94  101.87 
100.44  101.18 
98.55   100.09 
89.95   89.18  
79.59   81.33  
77.73   75.75  
76.51   75.64  
76.26   75.78  
83.29   83.35  
98.05   97.24  
105.14  124.66 
111.21  119.07 
115.86  115.50 
111.97  110.77 
104.85  101.49 
88.80   93.84  
84.09   89.26  
87.59   88.67  
84.14   85.24  
81.64   78.21  
77.86   78.02  
81.11   83.73  
83.74   83.15  
83.08   83.46  
78.11   79.28  
66.73   64.53  
46.86   46.79  
15.99   15.95  
0.00    0.00   
# Capacity: 5
0.00    0.00   
0.00    0.00   
60.22   60.31  
66.02   67.49  
73.57   73.97  
77.98   80.79  
83.06   84.44  
89.82   87.45  
98.95   97.18  
118.43  113.59 
135.24  139.32 
154.06  168.15 
167.57  168.41 
177.58  176.71 
176.34  182.25 
181.40  178.96 
183.26  178.65 
176.82  174.27 
165.01  160.20 
161.55  159.17 
154.36  156.33 
153.23  177.03 
161.45  160.29 
176.25  175.27 
186.07  186.48 
189.41  184.90 
191.41  190.41 
201.76  195.00 
205.25  202.07 
194.61  215.51 
189.63  195.26 
191.94  195.92 
189.45  184.55 
182.08  171.31 
175.00  169.39 
163.73  164.69 
160.45  159.16 
157.74  154.80 
150.32  149.11 
154.16  158.64 
171.87  172.86 
195.83  183.99 
211.65  209.22 
222.78  252.76 
244.23  241.84 
256.72  252.00 
259.76  258.05 
264.26  258.23 
252.82  246.79 
254.91  241.80 
253.85  235.11 
246.75  247.21 
215.55  241.33 
209.56  199.92 
204.46  202.35 
195.90  193.10 
182.71  173.49 
158.51  153.94 
145.69  139.55 
135.74  136.27 
112.40  108.25 
98.21   95.37  
102.57  100.35 
104.63  100.08 
106.91  108.19 
107.23  106.02 
106.19  107.81 
101.66  97.10  
96.77   94.58  
94.97   90.29  
90.86   89.01  
93.60   89.90  
95.15   98.74  
96.61   105.68 
99.92   100.71 
100.68  98.86  
97.08   96.05  
88.45   84.88  
83.65   79.68  
80.21   78.14  
76.44   75.90  
77.67   75.00  
83.63   82.76  
97.37   98.96  
105.99  123.76 
113.41  115.94 
117.61  111.89 
111.00  108.91 
103.93  101.74 
87.86   93.78  
82.90   85.52  
87.37   88.01  
83.79   82.20  
82.80   77.08  
80.45   77.42  
79.86   81.83  
83.28   83.77  
84.01   82.77  
79.45   76.79  
65.43   65.15  
46.82   46.70  
15.99   15.99  
0.00    0.00   
# Capacity: 6
0.00    0.00   
0.00    0.00   
61.98   59.00  
67.86   67.30  
72.75   73.67  
77.35   79.16  
85.07   82.66  
90.25   88.49  
99.23   98.39  
115.67  111.75 
133.94  136.94 
149.48  170.62 
167.40  167.00 
173.18  174.86 
182.36  179.80 
184.30  180.51 
182.51  180.14 
174.13  172.51 
170.85  163.18 
163.96  157.46 
154.28  150.06 
153.23  175.23 
172.94  167.63 
179.75  175.80 
188.03  182.04 
185.96  185.52 
190.85  194.40 
202.10  190.29 
207.28  197.33 
193.41  219.24 
194.61  193.41 
193.70  190.55 
190.18  185.30 
181.84  176.74 
175.43  161.67 
161.80  154.85 
154.39  160.87 
158.45  146.81 
149.28  153.42 
156.10  148.62 
172.54  168.25 
192.82  185.00 
217.60  209.79 
227.81  253.96 
248.91  244.63 
254.05  243.02 
262.23  257.10 
265.12  250.41 
257.11  243.51 
250.57  241.65 
252.88  238.35 
248.96  244.90 
221.12  243.12 
209.70  201.56 
200.60  189.38 
194.39  192.20 
180.56  172.49 
157.05  149.60 
147.43  142.56 
135.98  133.71 
111.31  108.37 
97.85   93.89  
101.88  101.34 
103.91  99.45  
103.16  106.90 
105.21  104.94 
105.43  107.94 
103.49  98.94  
97.37   94.83  
94.32   91.15  
92.53   90.86  
93.47   91.95  
97.89   100.35 
96.41   104.36 
100.21  99.81  
100.75  94.23  
96.42   97.36  
88.55   86.25  
82.49   80.00  
78.73   76.40  
77.36   73.43  
77.66   77.75  
84.08   83.83  
96.76   97.05  
107.17  119.35 
111.54  116.86 
117.54  113.98 
112.94  105.66 
101.40  101.99 
87.56   92.85  
84.63   88.75  
85.98   87.76  
86.69   83.60  
79.87   76.04  
80.74   76.65  
79.69   82.72  
84.49   84.44  
81.90   83.59  
77.95   76.63  
66.33   64.12  
46.85   46.73  
15.99   15.98  
0.00    0.00   
# Capacity: 7
0.00    0.00   
0.00    0.00   
61.19   58.68  
65.78   66.13  
71.94   71.40  
79.70   76.61  
86.39   84.15  
89.88   88.36  
100.27  96.26  
115.16  112.94 
134.39  134.79 
149.24  162.39 
168.09  163.96 
172.19  170.82 
172.89  177.66 
184.45  186.69 
184.11  175.87 
181.70  174.09 
168.30  160.69 
160.16  153.93 
152.23  149.80 
150.69  174.68 
166.74  167.65 
180.82  174.75 
183.51  183.36 
186.39  178.18 
190.73  187.21 
200.25  186.87 
202.00  200.23 
194.38  210.96 
193.38  191.58 
188.34  189.43 
193.67  181.36 
181.17  171.53 
174.54  158.92 
164.58  156.74 
158.98  156.14 
155.95  154.77 
145.28  150.99 
160.29  152.33 
178.76  170.23 
192.43  184.38 
215.83  213.62 
232.07  244.23 
248.96  233.75 
255.12  238.52 
257.60  250.55 
265.47  249.75 
254.71  246.09 
249.28  241.89 
244.97  234.84 
247.23  246.53 
215.77  243.30 
206.32  196.63 
203.25  192.00 
194.94  184.73 
179.05  169.12 
160.73  152.78 
146.72  143.69 
136.30  132.07 
114.32  108.62 
97.80   94.55  
101.70  101.33 
105.94  97.75  
103.89  106.37 
109.45  107.06 
105.16  108.36 
102.86  94.17  
98.29   95.10  
92.67   91.08  
90.76   88.86  
94.04   88.24  
97.22   98.41  
98.12   104.07 
100.29  99.20  
100.05  101.35 
97.74   97.03  
89.58   87.13  
81.14   80.28  
79.64   75.61  
76.44   74.12  
78.58   71.80  
85.69   79.33  
96.16   97.69  
103.20  120.55 
110.01  116.83 
115.42  112.79 
110.30  108.97 
104.88  101.35 
89.46   91.34  
84.02   85.73  
85.11   86.03  
84.15   79.93  
80.01   77.18  
81.18   76.25  
79.15   79.33  
83.56   83.51  
83.20   80.02  
77.56   76.69  
65.86   63.36  
46.90   46.68  
15.99   15.95  
0.00    0.00   
# Capacity: 8
0.00    0.00   
0.00    0.00   
60.61   57.70  
64.20   66.81  
72.73   72.16  
76.19   76.29  
85.30   81.70  
90.41   86.64  
96.15   97.89  
114.40  111.81 
136.67  135.21 
149.99  167.33 
167.34  162.16 
169.25  174.30 
177.14  179.03 
185.97  176.00 
182.79  169.37 
175.26  165.35 
167.89  155.85 
162.07  153.76 
154.93  151.08 
150.75  171.25 
171.27  161.65 
182.03  171.69 
182.72  183.95 
192.31  178.06 
191.62  186.70 
200.15  190.08 
204.48  197.28 
190.49  209.86 
194.05  186.34 
194.78  183.09 
191.67  182.81 
181.90  167.36 
175.97  162.01 
165.30  159.82 
160.34  150.28 
154.96  146.64 
149.30  155.70 
154.96  154.15 
174.69  168.04 
189.94  180.62 
212.68  209.49 
228.47  245.79 
246.12  237.10 
259.44  246.00 
266.61  259.03 
267.18  248.53 
255.09  237.79 
253.79  233.78 
254.31  230.01 
243.29  243.61 
214.55  240.38 
205.54  195.67 
207.93  191.43 
199.11  189.42 
174.14  175.02 
160.31  153.42 
147.43  137.76 
136.43  133.69 
111.81  105.87 
99.34   93.73  
99.89   97.50  
103.66  98.99  
106.91  103.74 
108.10  103.24 
107.54  105.81 
103.62  98.85  
98.35   90.41  
94.49   89.47  
92.66   90.85  
92.66   89.32  
97.48   97.68  
98.42   103.80 
100.69  98.19  
101.33  95.51  
97.07   95.25  
92.01   86.09  
81.89   80.82  
78.98   73.79  
77.39   76.74  
77.24   74.34  
83.46   80.70  
96.08   96.49  
104.71  122.15 
111.64  116.11 
113.23  110.18 
112.06  107.50 
103.01  100.79 
86.88   90.83  
83.84   82.74  
86.80   83.74  
85.54   83.01  
81.54   74.24  
81.20   76.95  
83.11   80.36  
83.45   82.79  
83.40   80.43  
77.81   74.84  
65.26   62.21  
46.89   46.70  
15.99   15.98  
0.00    0.00   
# Capacity: 9
0.00    0.00   
0.00    0.00   
62.04   59.25  
64.96   64.47  
71.74   71.06  
75.73   76.73  
83.16   81.15  
90.62   85.10  
97.61   95.38  
114.99  109.32 
137.54  137.03 
149.41  164.11 
168.49  163.18 
175.74  169.80 
178.30  180.03 
182.96  172.83 
182.98  172.90 
175.99  168.20 
166.42  153.13 
163.82  153.13 
152.05  149.85 
150.53  172.30 
169.26  163.05 
183.51  169.24 
181.55  178.18 
185.40  182.79 
196.98  188.02 
202.20  183.44 
202.88  195.82 
189.15  210.23 
191.31  187.03 
190.40  183.01 
194.49  175.93 
186.51  165.03 
174.85  156.39 
163.80  158.34 
163.65  151.93 
156.93  153.10 
147.45  150.99 
154.29  150.21 
171.72  168.20 
197.92  184.32 
216.22  203.61 
222.75  249.70 
243.55  237.87 
257.32  242.65 
263.24  254.24 
266.85  256.30 
253.69  242.73 
250.58  233.29 
248.89  237.24 
250.47  243.80 
219.45  239.00 
210.52  192.80 
200.36  189.98 
196.33  184.70 
175.59  174.44 
161.97  151.08 
150.99  137.00 
136.50  133.51 
114.60  105.12 
97.78   92.74  
103.23  96.92  
104.08  99.14  
107.58  99.21  
108.61  103.81 
107.15  105.45 
102.72  94.73  
97.13   94.89  
93.36   86.31  
90.39   86.08  
94.25   86.22  
96.52   98.06  
97.99   104.48 
100.45  98.04  
101.23  97.78  
99.07   93.52  
90.09   87.17  
82.02   79.18  
78.84   71.53  
77.21   71.17  
77.45   72.18  
85.41   77.23  
97.83   99.66  
104.75  121.41 
112.83  113.69 
116.49  112.11 
110.28  104.94 
104.77  97.02  
89.27   92.28  
86.19   83.90  
87.28   83.91  
85.35   80.47  
79.43   76.39  
80.70   75.22  
83.06   78.53  
83.87   83.52  
83.91   78.10  
79.06   72.60  
64.17   63.53  
46.76   46.58  
15.99   15.96  
0.00    0.00   
# Capacity: 10
0.00    0.00   
0.00    0.00   
60.68   56.41  
65.22   63.06  
73.31   69.83  
77.98   76.90  
82.59   82.12  
91.47   84.69  
99.15   92.60  
115.56  111.08 
135.85  129.27 
153.58  159.44 
168.02  159.11 
172.83  165.20 
180.95  176.25 
179.47  172.64 
176.01  168.82 
176.49  165.82 
168.96  157.89 
160.72  153.74 
155.61  145.42 
150.49  169.95 
169.32  162.72 
179.58  164.58 
183.35  178.93 
189.27  173.84 
191.77  184.47 
199.18  181.22 
205.33  193.06 
181.90  204.16 
192.49  179.53 
189.01  181.40 
194.91  171.85 
182.40  167.65 
171.34  156.69 
163.82  150.93 
159.83  149.64 
158.35  151.65 
145.30  146.92 
156.03  150.68 
176.94  165.45 
189.24  183.93 
216.12  200.69 
227.93  240.08 
241.98  235.87 
258.91  233.96 
267.51  249.97 
263.24  239.81 
258.84  232.88 
247.41  235.18 
253.63  233.31 
248.62  238.59 
217.57  237.99 
205.18  196.23 
203.20  183.14 
190.04  184.98 
179.84  164.73 
157.78  146.61 
146.22  135.25 
136.61  128.08 
114.34  104.38 
96.61   91.93  
99.56   96.05  
107.46  98.08  
105.91  101.14 
108.09  100.40 
105.47  102.20 
106.03  96.41  
97.53   89.94  
93.78   86.86  
92.82   84.50  
92.46   88.37  
98.75   97.72  
97.80   100.41 
99.21   95.18  
101.18  95.10  
98.00   94.64  
89.44   85.98  
81.74   75.71  
77.56   74.39  
77.19   72.18  
77.09   74.00  
84.14   82.23  
94.45   98.08  
102.37  118.25 
110.59  113.79 
116.44  107.16 
109.95  105.27 
101.97  97.88  
89.84   89.65  
85.23   84.45  
88.31   79.88  
84.06   76.63  
81.18   74.01  
80.34   72.29  
83.56   76.65  
83.61   79.64  
84.71   78.22  
78.93   71.65  
65.40   63.29  
46.70   46.06  
15.96   15.99  
0.00    0.00   
# Capacity: 11
0.00    0.00   
0.00    0.00   
61.08   57.95  
65.88   63.01  
73.01   68.64  
78.27   74.77  
82.87   82.47  
88.78   82.40  
99.93   92.92  
116.82  110.33 
138.03  130.78 
149.82  157.70 
170.34  158.22 
172.26  163.76 
178.42  172.90 
181.61  177.03 
181.48  170.62 
171.66  163.87 
166.84  152.06 
160.16  152.95 
151.40  146.45 
154.22  170.30 
167.18  155.99 
180.54  166.87 
184.54  177.81 
190.82  173.83 
191.36  183.80 
198.09  180.16 
208.25  192.70 
185.51  200.80 
193.23  189.59 
187.99  180.90 
192.24  176.86 
182.03  164.35 
171.66  156.53 
165.64  151.93 
163.14  145.12 
157.45  148.55 
148.69  144.79 
156.27  148.93 
176.22  167.63 
195.83  181.98 
212.34  204.21 
230.17  243.61 
241.14  221.52 
257.30  233.00 
264.65  238.16 
264.35  242.22 
254.11  236.27 
252.47  226.58 
254.28  219.23 
248.23  244.09 
219.13  236.82 
207.70  193.82 
200.35  184.15 
193.01  180.34 
177.67  167.13 
161.04  144.51 
149.61  132.12 
136.16  128.52 
112.24  102.15 
96.01   92.30  
102.50  96.74  
106.41  95.05  
104.51  103.77 
109.02  103.77 
106.30  101.37 
103.70  92.64  
95.77   88.01  
93.05   88.50  
93.55   85.19  
90.66   87.19  
99.16   97.48  
98.44   103.25 
101.36  94.63  
100.85  92.22  
96.03   90.35  
89.12   85.42  
84.07   78.73  
79.77   73.21  
75.98   71.56  
75.87   72.11  
85.04   77.19  
97.68   98.21  
105.56  118.28 
115.32  114.19 
114.61  107.70 
110.56  104.35 
103.94  97.82  
89.28   90.71  
83.46   81.57  
85.26   83.13  
84.88   78.54  
81.97   75.62  
80.48   74.33  
81.26   77.53  
83.71   77.99  
82.66   78.16  
79.16   71.41  
64.13   59.52  
46.77   45.77  
15.99   15.99  
0.00    0.00   
# Capacity: 12
0.00    0.00   
0.00    0.00   
61.13   56.21  
66.79   63.05  
71.99   68.25  
76.81   78.42  
83.20   81.30  
89.78   84.13  
100.80  91.88  
115.52  105.92 
133.04  132.73 
151.48  159.63 
170.57  155.06 
174.86  160.37 
177.47  172.88 
180.64  168.28 
182.77  165.17 
179.14  164.18 
172.99  156.82 
157.82  148.36 
154.13  145.93 
152.69  167.44 
165.22  158.34 
180.02  167.85 
182.30  175.48 
189.04  168.38 
188.84  173.53 
199.80  180.71 
204.77  191.34 
195.35  200.81 
189.16  175.62 
192.92  179.41 
193.47  174.20 
183.60  165.74 
173.83  151.26 
161.93  153.16 
157.76  142.67 
157.34  143.43 
149.97  142.93 
160.08  147.07 
172.28  160.43 
191.47  177.21 
216.37  202.62 
227.02  237.50 
245.60  231.59 
260.15  230.17 
263.56  236.93 
263.92  243.13 
263.41  234.45 
254.85  231.06 
251.22  224.96 
250.42  233.57 
217.93  235.77 
209.13  192.52 
208.08  178.77 
192.44  176.11 
178.08  162.91 
161.67  146.42 
150.82  134.59 
134.92  124.52 
111.53  104.96 
97.33   90.89  
100.94  94.45  
105.56  97.92  
103.49  104.23 
109.66  100.69 
105.27  98.20  
105.35  93.70  
96.41   87.90  
95.15   83.70  
92.27   85.85  
94.70   83.87  
97.74   88.88  
100.38  101.46 
101.76  97.00  
102.66  91.70  
98.05   92.08  
88.35   81.22  
82.53   75.91  
79.65   73.83  
78.38   69.84  
77.78   71.76  
84.57   79.43  
97.83   92.39  
101.96  118.78 
110.42  106.92 
116.67  105.77 
109.99  103.09 
104.66  98.81  
88.03   87.91  
86.24   81.83  
87.08   82.39  
85.29   79.17  
81.13   73.56  
79.05   72.11  
82.18   76.19  
84.55   79.13  
82.88   78.04  
75.51   70.80  
66.39   58.99  
46.81   42.45  
15.99   15.99  
0.00    0.00   
# Capacity: 13
0.00    0.00   
0.00    0.00   
59.83   58.27  
65.37   61.88  
73.67   65.18  
77.65   73.52  
83.24   77.20  
86.29   85.62  
99.72   92.41  
118.28  110.38 
136.17  126.41 
151.11  156.11 
168.64  156.38 
173.65  159.60 
179.99  164.23 
185.21  168.05 
180.68  163.79 
177.14  156.74 
168.10  146.04 
162.08  147.28 
154.69  143.11 
148.58  162.94 
171.46  155.77 
177.75  169.10 
181.64  167.08 
192.61  176.60 
191.48  177.43 
197.92  176.88 
204.46  195.52 
190.40  199.74 
194.57  171.54 
197.99  180.92 
191.37  172.91 
183.65  158.01 
171.85  152.04 
167.03  148.24 
163.23  140.76 
156.17  144.46 
149.73  145.01 
155.23  146.26 
167.99  155.85 
188.37  182.67 
210.94  195.59 
227.96  233.99 
253.53  222.93 
255.19  231.98 
262.69  240.00 
266.08  245.51 
258.41  226.17 
251.33  227.08 
250.13  213.99 
248.15  229.31 
218.01  240.17 
208.90  183.13 
198.32  180.35 
189.99  173.75 
174.92  161.34 
160.70  143.63 
148.34  131.93 
136.38  126.52 
111.09  100.33 
98.01   89.93  
102.28  94.33  
105.03  94.34  
102.70  95.96  
108.39  99.38  
108.55  98.93  
103.15  91.82  
96.94   86.19  
94.31   85.61  
91.62   85.12  
94.11   85.58  
95.96   93.01  
98.00   101.78 
101.73  93.96  
101.53  91.62  
95.97   92.16  
90.76   79.34  
82.44   76.27  
78.67   71.08  
76.37   71.68  
78.75   72.75  
86.38   77.59  
97.68   94.35  
103.69  114.37 
114.11  111.52 
116.13  103.64 
107.63  102.75 
102.76  98.15  
90.64   88.52  
86.27   81.48  
88.86   81.74  
84.53   74.79  
81.33   69.53  
79.46   72.52  
83.25   76.62  
84.28   77.02  
82.62   76.46  
75.11   71.92  
68.04   58.97  
46.84   42.59  
15.99   15.99  
0.00    0.00   
# Capacity: 14
0.00    0.00   
0.00    0.00   
60.45   55.16  
64.74   64.29  
72.32   68.34  
76.36   71.51  
83.34   78.21  
91.09   78.63  
100.20  91.33  
112.73  102.60 
133.94  128.62 
152.22  152.15 
168.57  150.05 
172.08  159.82 
177.27  166.83 
183.28  173.77 
181.62  165.30 
174.84  156.01 
168.42  151.49 
164.81  146.51 
151.21  143.94 
149.99  158.60 
162.77  156.17 
179.34  157.25 
184.94  171.65 
191.55  163.47 
192.03  181.61 
199.47  177.69 
206.01  183.47 
191.35  200.47 
191.33  176.04 
199.80  170.31 
189.73  168.56 
181.01  163.16 
174.87  153.98 
165.93  148.32 
161.20  139.10 
156.92  136.33 
141.66  143.86 
153.95  143.35 
173.53  165.00 
196.28  176.48 
215.80  198.70 
224.04  239.19 
246.20  231.71 
253.43  232.77 
264.51  233.42 
263.87  232.20 
254.70  223.50 
247.57  227.24 
252.20  222.80 
250.60  234.76 
223.28  233.11 
203.73  182.09 
202.96  174.65 
192.03  169.45 
174.52  157.08 
162.31  144.38 
145.36  129.49 
135.16  118.05 
111.53  104.16 
98.42   88.25  
102.61  95.51  
103.56  92.63  
104.59  96.85  
108.91  98.61  
107.97  99.80  
104.40  89.12  
99.41   88.04  
93.95   86.70  
93.43   82.35  
93.05   86.23  
97.09   90.18  
98.34   99.11  
100.48  91.25  
100.29  88.67  
97.66   88.08  
91.46   79.33  
81.29   73.80  
78.45   71.29  
76.62   71.05  
75.39   70.64  
83.44   75.70  
98.15   89.89  
104.15  115.00 
114.54  106.63 
116.57  100.57 
113.42  103.00 
102.99  93.15  
87.98   88.96  
84.06   78.05  
86.10   81.34  
86.17   77.99  
79.60   68.85  
81.59   73.31  
82.79   75.17  
85.48   75.80  
81.58   73.04  
77.91   70.68  
65.32   59.62  
46.75   45.12  
15.96   15.99  
0.00    0.00   
# Capacity: 15
0.00    0.00   
0.00    0.00   
60.18   55.02  
63.78   60.46  
72.75   65.84  
78.38   74.42  
85.67   75.26  
90.05   79.76  
99.89   86.30  
115.34  105.89 
135.31  125.35 
149.52  156.79 
167.36  152.14 
172.22  157.80 
179.77  163.03 
186.55  161.28 
176.55  156.82 
172.68  145.62 
168.48  146.58 
163.60  144.53 
152.97  142.17 
150.65  163.45 
166.94  151.53 
177.54  161.78 
180.06  169.76 
189.26  163.56 
193.00  176.65 
199.00  177.89 
202.54  188.00 
190.99  199.03 
189.75  176.23 
195.17  175.74 
189.62  169.08 
182.63  160.23 
171.34  152.59 
166.04  149.99 
160.77  143.17 
159.58  139.69 
149.02  148.52 
159.37  141.59 
168.31  154.29 
192.88  175.49 
211.30  193.77 
227.43  230.89 
250.97  219.64 
257.07  229.03 
263.90  235.66 
264.48  235.79 
257.69  234.82 
249.84  219.13 
256.17  219.85 
245.65  226.52 
221.01  222.64 
210.44  185.42 
199.60  172.73 
198.66  168.55 
177.57  156.82 
157.69  138.11 
150.30  135.07 
136.49  116.08 
111.11  102.73 
98.06   90.81  
99.70   89.18  
106.09  92.32  
105.97  94.95  
110.15  92.89  
106.83  97.31  
105.97  87.68  
97.00   87.50  
92.99   82.78  
90.26   83.42  
93.26   83.59  
95.20   91.28  
99.07   96.84  
100.83  90.70  
100.94  88.69  
96.53   90.71  
89.40   79.30  
82.64   71.88  
78.69   69.10  
75.99   67.03  
76.56   68.29  
84.41   76.97  
96.47   92.93  
102.68  112.86 
112.13  104.34 
114.26  101.03 
108.06  99.52  
103.20  94.78  
90.33   84.30  
84.48   79.29  
88.12   78.73  
83.27   73.39  
79.34   68.79  
80.15   70.48  
83.36   74.56  
82.30   77.08  
83.92   76.94  
78.01   69.18  
67.31   55.79  
46.85   42.91  
15.97   15.98  
0.00    0.00   
# Capacity: 16
0.00    0.00   
0.00    0.00   
63.18   55.97  
65.84   62.28  
71.60   68.83  
79.21   74.02  
81.70   76.24  
89.95   79.74  
100.75  92.15  
116.67  102.05 
137.93  125.52 
148.60  153.28 
169.60  154.61 
170.26  156.84 
180.06  168.46 
181.14  165.19 
182.66  163.51 
172.81  155.89 
169.90  143.53 
157.99  141.42 
152.88  143.53 
149.74  161.23 
173.99  155.18 
180.67  156.12 
183.47  165.99 
192.97  166.62 
188.90  171.60 
202.45  172.78 
206.58  179.05 
190.53  199.72 
192.04  171.31 
187.87  167.55 
188.05  167.23 
179.98  158.16 
170.19  146.87 
164.72  144.11 
164.07  138.41 
156.63  140.55 
148.61  145.08 
157.39  143.63 
172.04  153.36 
186.43  172.87 
215.36  183.88 
221.47  225.15 
248.23  220.91 
256.46  227.31 
262.03  226.69 
258.03  230.67 
252.65  219.54 
254.61  210.28 
251.85  212.57 
248.78  218.48 
220.10  230.61 
208.90  184.76 
201.74  170.84 
191.98  166.14 
179.57  154.96 
158.52  138.70 
147.53  128.11 
135.23  121.73 
114.15  97.76  
100.53  89.58  
102.85  91.99  
102.28  90.37  
107.65  91.87  
107.53  95.29  
107.07  94.24  
104.84  85.95  
96.24   85.04  
93.08   82.33  
91.28   79.59  
93.54   84.62  
98.78   89.08  
98.44   98.48  
101.22  89.61  
101.37  87.55  
97.51   87.66  
90.92   82.18  
82.70   72.20  
76.89   67.46  
76.24   70.59  
77.59   68.43  
82.68   76.14  
97.07   93.44  
103.31  115.49 
111.01  109.24 
116.88  102.33 
110.95  96.06  
103.99  90.90  
87.31   84.82  
83.57   79.97  
89.01   79.76  
85.77   71.75  
79.67   68.69  
79.90   68.57  
82.32   74.78  
84.77   75.23  
82.87   74.15  
78.89   66.63  
67.15   57.57  
46.84   39.40  
15.99   15.98  
0.00    0.00   
# Capacity: 17
0.00    0.00   
0.00    0.00   
61.17   54.93  
65.38   60.41  
72.62   65.03  
76.99   73.69  
83.26   74.73  
90.04   80.48  
95.21   92.65  
115.74  100.79 
135.47  123.69 
151.71  150.26 
165.37  154.71 
179.40  154.91 
179.14  164.19 
180.28  156.96 
179.94  158.07 
177.39  158.75 
166.12  143.07 
159.74  139.38 
153.35  145.91 
148.51  158.34 
169.18  147.66 
175.19  152.12 
183.61  161.16 
187.23  164.86 
192.40  171.41 
203.78  171.18 
203.31  178.29 
190.57  194.07 
192.70  160.82 
197.15  166.99 
190.61  168.40 
186.79  153.03 
168.00  140.91 
169.32  144.44 
162.53  140.32 
157.23  133.30 
148.64  140.74 
154.64  138.28 
170.55  153.34 
189.67  170.66 
215.21  187.58 
230.03  222.76 
239.18  219.27 
258.60  224.45 
257.83  229.27 
266.46  222.60 
257.25  225.10 
249.70  210.32 
248.33  220.43 
244.11  211.65 
219.78  216.85 
204.61  181.73 
203.08  165.58 
196.38  168.92 
172.37  154.24 
162.54  131.81 
146.45  124.34 
137.61  114.94 
112.03  99.48  
98.79   86.30  
100.46  89.09  
105.79  90.45  
106.44  92.76  
110.19  95.40  
107.10  100.19 
106.55  89.62  
96.19   82.39  
94.09   82.11  
93.37   79.99  
93.69   80.94  
96.35   87.53  
99.56   97.24  
100.85  88.74  
100.42  90.23  
97.57   84.71  
90.15   78.54  
81.39   71.49  
80.28   68.01  
75.91   69.15  
73.85   69.16  
82.84   75.76  
98.16   91.66  
103.34  113.43 
111.15  105.35 
115.79  99.10  
112.57  99.40  
103.77  93.92  
87.17   85.71  
85.47   79.50  
86.33   73.48  
85.89   73.56  
80.51   66.32  
79.95   68.10  
82.15   74.55  
84.24   74.30  
83.16   73.16  
77.28   66.54  
65.17   54.11  
46.86   41.83  
15.99   15.98  
0.00    0.00   
# Capacity: 18
0.00    0.00   
0.00    0.00   
60.09   54.60  
65.42   59.73  
72.02   66.59  
79.30   71.43  
84.61   77.55  
90.25   79.03  
100.40  89.00  
114.48  105.27 
134.58  120.21 
147.92  150.80 
165.36  148.28 
173.33  153.31 
182.00  161.19 
186.74  157.44 
177.71  151.21 
177.57  150.25 
163.96  141.41 
163.47  131.26 
151.74  139.03 
148.61  158.31 
167.99  153.42 
181.41  148.08 
185.28  165.04 
183.90  159.30 
187.44  165.66 
199.79  164.02 
202.62  185.66 
191.48  190.56 
191.99  169.36 
193.17  171.95 
191.57  156.14 
178.33  151.03 
174.21  145.52 
163.89  136.47 
159.58  133.90 
154.24  134.61 
147.19  135.74 
156.11  139.88 
171.75  147.32 
192.04  169.05 
217.15  188.22 
228.18  226.78 
247.26  212.73 
258.88  222.20 
264.60  230.71 
258.80  226.58 
258.11  213.70 
252.79  212.45 
245.31  206.82 
247.20  215.18 
212.12  215.73 
204.57  175.58 
207.47  170.91 
190.33  160.16 
177.02  153.58 
159.52  132.27 
149.41  122.97 
138.91  111.96 
111.64  98.82  
97.93   85.03  
99.24   87.46  
105.20  89.69  
103.87  93.16  
107.73  96.30  
107.30  96.23  
101.60  87.38  
95.09   82.28  
94.71   79.23  
94.72   78.11  
91.61   82.55  
97.62   88.45  
99.01   96.88  
100.35  88.52  
101.39  89.37  
97.60   83.16  
91.53   77.73  
82.83   69.08  
78.97   66.19  
75.80   67.73  
76.94   71.23  
83.19   75.71  
96.84   91.37  
101.72  109.13 
113.55  104.84 
116.88  100.65 
111.72  96.65  
103.05  92.68  
90.05   84.54  
86.30   75.56  
88.21   79.74  
85.51   74.88  
81.33   70.12  
81.14   67.28  
83.21   73.79  
84.36   76.27  
82.70   72.47  
75.41   65.70  
65.41   55.18  
46.55   38.57  
15.98   15.98  
0.00    0.00   
# Capacity: 19
0.00    0.00   
0.00    0.00   
59.90   52.87  
65.92   60.57  
73.62   65.04  
77.87   70.50  
81.61   77.72  
90.50   80.54  
97.85   86.98  
114.07  104.07 
134.68  124.30 
150.09  153.81 
164.69  141.18 
171.79  156.44 
178.81  156.62 
182.69  161.92 
183.21  159.94 
178.92  153.06 
168.19  142.82 
161.31  138.10 
152.97  136.40 
151.61  158.18 
167.81  145.57 
182.74  151.64 
183.97  170.74 
188.97  161.60 
188.85  169.72 
201.82  175.67 
204.32  179.04 
189.77  184.53 
195.76  170.92 
189.19  165.32 
188.04  157.88 
183.75  151.35 
171.88  143.64 
169.06  147.47 
162.66  138.06 
155.53  135.51 
147.38  133.90 
158.26  141.60 
178.00  151.73 
188.47  164.75 
210.70  190.68 
227.77  219.13 
247.15  212.42 
255.78  213.67 
261.24  228.24 
260.11  219.02 
252.03  214.35 
251.41  218.07 
249.71  216.41 
250.80  218.73 
218.71  216.18 
206.47  175.96 
201.45  168.31 
193.65  166.95 
175.91  157.69 
156.98  133.61 
150.19  124.74 
136.33  109.52 
114.21  97.59  
100.76  84.00  
97.61   91.37  
104.49  87.39  
105.64  92.38  
108.89  89.98  
106.04  92.24  
104.66  83.64  
97.11   85.28  
93.56   81.38  
89.58   83.33  
92.44   78.57  
97.54   87.24  
98.41   96.12  
101.88  86.52  
99.03   85.69  
97.39   84.17  
89.98   74.38  
82.56   70.65  
79.09   68.23  
76.35   65.06  
76.90   67.75  
83.38   75.23  
96.68   86.77  
101.89  110.57 
112.41  104.23 
116.92  94.68  
110.02  93.63  
101.99  91.80  
90.00   85.14  
85.43   78.04  
86.92   78.75  
82.74   70.20  
79.76   67.64  
80.63   69.27  
79.75   73.10  
83.42   75.98  
83.01   69.67  
78.66   63.53  
66.77   49.67  
46.68   38.36  
15.99   15.98  
0.00    0.00   
# Capacity: 20
0.00    0.00   
0.00    0.00   
61.44   52.90  
64.08   58.70  
72.78   63.73  
76.67   70.46  
84.32   74.08  
90.39   79.11  
98.32   86.37  
116.05  105.90 
133.03  123.56 
155.47  151.18 
166.66  149.05 
175.03  154.34 
178.90  160.68 
181.82  153.57 
180.51  152.43 
173.33  148.20 
166.96  136.45 
161.59  138.29 
148.16  133.52 
150.50  160.36 
165.39  143.29 
177.10  148.24 
185.87  165.48 
191.07  162.74 
196.30  167.59 
201.16  166.71 
204.20  180.95 
189.13  190.00 
196.27  163.46 
194.34  163.78 
188.63  161.11 
182.12  148.30 
174.42  135.01 
165.19  139.35 
161.63  131.93 
154.50  129.88 
151.37  137.58 
157.00  139.47 
172.94  151.46 
193.56  168.56 
214.86  188.11 
225.29  226.67 
245.26  210.01 
253.41  216.37 
261.30  225.60 
265.58  221.13 
255.99  208.99 
245.97  208.05 
251.17  208.78 
250.49  207.10 
211.52  220.50 
209.15  176.31 
204.76  164.61 
196.31  159.20 
175.82  145.23 
162.74  134.94 
145.43  119.11 
135.22  119.39 
111.52  95.69  
99.29   84.21  
98.65   85.79  
104.37  89.02  
107.51  90.22  
111.47  91.73  
105.97  90.93  
102.35  85.22  
95.92   79.55  
93.52   75.22  
92.46   78.88  
96.15   79.22  
97.14   86.62  
96.94   93.17  
99.79   89.79  
98.74   83.44  
100.03  84.07  
89.12   75.65  
82.10   68.43  
76.93   67.10  
78.19   66.40  
78.97   68.82  
84.99   73.79  
96.07   86.06  
104.93  111.45 
112.86  103.81 
117.12  95.07  
109.97  93.99  
101.57  86.56  
88.87   82.76  
85.49   77.19  
87.60   72.43  
82.95   70.61  
80.84   66.51  
80.63   66.69  
82.27   70.35  
83.01   74.73  
82.69   71.25  
76.92   64.89  
64.50   54.25  
46.86   42.27  
15.97   15.98  
0.00    0.00   
# Capacity: 21
0.00    0.00   
0.00    0.00   
59.72   54.22  
66.37   59.43  
72.61   63.70  
78.40   70.31  
84.90   73.74  
89.25   75.90  
98.98   87.30  
115.51  102.81 
135.59  121.31 
151.67  150.19 
167.79  143.24 
178.24  150.24 
180.46  160.98 
176.83  155.29 
185.84  150.24 
175.17  147.33 
168.24  130.00 
163.52  138.24 
152.19  133.04 
148.01  151.29 
168.11  140.88 
179.30  147.36 
185.12  164.49 
187.28  160.35 
190.47  167.14 
200.88  162.22 
202.35  177.67 
191.57  182.80 
193.05  163.80 
194.94  164.10 
189.85  158.48 
183.54  144.25 
173.81  142.98 
163.98  135.10 
160.60  136.75 
153.63  132.40 
147.84  129.32 
153.63  137.23 
176.38  147.45 
190.97  169.03 
215.10  186.83 
227.93  226.35 
247.58  207.27 
254.48  216.63 
260.44  219.56 
261.80  224.04 
253.75  209.71 
248.75  210.97 
248.34  208.68 
250.86  205.50 
215.41  225.79 
200.36  176.98 
204.00  163.43 
190.93  157.77 
179.90  145.26 
156.93  127.68 
149.78  120.83 
135.04  111.26 
111.62  94.00  
101.57  84.25  
99.94   85.03  
104.64  85.53  
102.80  90.06  
109.92  90.08  
106.92  92.24  
103.63  83.41  
98.40   79.95  
90.98   77.19  
93.49   76.62  
94.73   78.59  
98.10   86.59  
96.80   91.76  
99.09   83.69  
103.38  87.23  
97.20   84.48  
89.87   76.35  
84.65   68.30  
78.08   65.75  
75.14   65.61  
77.16   68.44  
85.67   75.76  
96.88   88.28  
104.46  109.07 
111.69  104.24 
118.15  90.54  
111.33  92.76  
104.35  89.06  
89.93   82.67  
83.90   72.80  
87.13   75.12  
85.25   69.65  
80.75   65.66  
78.41   65.75  
82.64   70.68  
83.25   72.27  
83.87   68.25  
75.92   62.70  
67.31   52.04  
46.82   37.47  
15.99   15.96  
0.00    0.00   
# Capacity: 22
0.00    0.00   
0.00    0.00   
60.97   53.54  
64.86   56.96  
69.30   65.78  
76.32   67.05  
85.27   71.56  
89.52   75.76  
100.37  84.27  
116.54  102.78 
132.31  121.77 
151.38  143.24 
168.63  141.00 
172.84  148.26 
180.65  153.71 
183.92  151.22 
183.96  145.33 
177.69  149.65 
162.26  137.52 
160.81  133.19 
154.85  133.37 
153.33  157.90 
169.34  141.19 
179.88  146.78 
185.67  161.71 
190.46  159.97 
192.22  161.36 
199.08  160.96 
205.93  162.34 
187.68  187.39 
192.93  165.13 
192.57  162.34 
191.19  156.47 
179.40  144.37 
174.82  141.05 
165.42  140.06 
159.81  131.33 
154.28  132.30 
148.21  138.92 
156.62  135.96 
170.69  146.12 
190.44  170.35 
211.43  182.02 
230.15  206.63 
241.67  203.49 
259.01  212.56 
258.61  223.50 
264.99  219.38 
259.39  211.26 
255.62  208.11 
256.53  202.83 
247.84  209.96 
219.86  213.06 
207.01  173.89 
202.10  167.90 
191.26  156.91 
173.64  137.68 
160.09  127.39 
149.74  115.71 
135.23  113.68 
112.34  94.82  
98.82   81.39  
99.54   87.04  
103.37  85.12  
106.62  93.49  
108.74  90.14  
105.16  89.45  
102.93  81.40  
96.25   82.96  
95.67   78.78  
91.60   75.01  
90.32   79.50  
96.89   85.29  
98.68   89.61  
101.08  89.00  
99.81   81.67  
98.16   79.76  
90.22   70.75  
81.87   68.61  
77.64   64.31  
77.87   66.52  
78.16   67.34  
83.03   73.75  
97.01   90.64  
102.57  108.36 
111.40  99.43  
116.08  94.98  
109.53  88.34  
103.60  85.37  
89.21   83.37  
84.13   75.59  
88.82   72.70  
84.55   70.81  
80.01   66.34  
79.93   63.32  
78.95   67.37  
84.56   70.30  
83.90   70.49  
78.11   63.54  
67.11   50.73  
46.68   34.03  
15.98   15.98  
0.00    0.00   
# Capacity: 23
0.00    0.00   
0.00    0.00   
61.70   53.72  
67.13   58.13  
72.14   62.79  
76.64   70.51  
83.32   71.93  
90.58   77.05  
100.59  85.88  
116.08  100.94 
134.21  117.67 
147.62  146.23 
165.28  139.94 
174.39  149.94 
178.58  156.36 
183.80  154.92 
185.31  145.53 
175.90  147.52 
165.89  136.65 
160.77  129.82 
152.18  134.69 
153.14  155.52 
168.25  144.55 
175.55  151.64 
183.39  155.23 
188.38  154.98 
189.22  162.81 
202.96  166.63 
203.37  172.43 
194.62  188.79 
191.17  161.39 
193.34  160.97 
192.73  162.51 
181.48  145.89 
172.71  137.14 
166.68  135.03 
159.13  133.10 
155.56  126.82 
145.93  133.28 
155.81  128.03 
172.53  149.87 
187.86  164.61 
213.78  184.53 
226.65  209.83 
242.05  205.01 
259.59  210.77 
264.64  217.76 
263.63  212.08 
256.40  207.76 
259.11  207.30 
247.52  198.95 
248.92  209.14 
214.51  211.18 
206.09  171.69 
205.43  164.27 
192.59  154.25 
176.06  142.69 
159.22  126.97 
150.44  119.09 
135.69  106.28 
111.87  93.54  
99.85   83.53  
101.58  82.00  
106.38  84.70  
105.71  86.93  
108.38  90.08  
106.72  88.68  
102.65  84.33  
95.89   78.76  
93.95   78.88  
92.82   77.75  
93.18   79.46  
97.89   82.42  
97.51   91.40  
100.05  85.92  
102.73  79.15  
99.07   81.05  
90.58   74.21  
84.15   63.13  
78.98   66.58  
76.59   64.44  
76.37   67.06  
84.83   73.94  
98.52   89.40  
105.69  106.47 
114.44  99.00  
115.72  91.76  
110.86  90.60  
103.84  88.01  
88.48   83.37  
85.12   73.91  
85.89   73.88  
84.04   69.13  
80.78   65.02  
82.16   67.17  
82.34   67.46  
84.63   68.27  
81.77   69.06  
77.77   61.06  
64.36   51.81  
46.81   37.16  
15.99   15.98  
0.00    0.00   
# Capacity: 24
0.00    0.00   
0.00    0.00   
61.17   51.26  
65.81   55.10  
72.21   61.62  
78.52   64.74  
84.21   71.75  
88.92   75.02  
100.76  83.39  
116.43  101.40 
136.76  116.07 
148.68  142.03 
164.45  141.97 
172.89  143.82 
179.43  152.78 
185.11  152.15 
181.24  142.27 
177.22  142.98 
169.22  137.38 
164.38  131.74 
155.10  136.48 
153.17  146.85 
164.69  139.06 
178.54  148.56 
185.26  153.93 
188.60  159.26 
189.52  163.69 
199.54  157.13 
203.93  172.10 
189.43  183.27 
199.35  157.23 
191.20  156.99 
189.77  149.81 
182.35  147.65 
175.56  137.73 
165.26  126.69 
162.62  130.59 
154.50  126.11 
146.57  133.15 
155.24  132.82 
170.98  148.09 
194.10  159.83 
213.50  182.54 
229.33  216.86 
246.49  200.53 
259.35  206.58 
259.82  212.90 
263.30  212.90 
253.92  209.10 
251.68  203.82 
249.60  202.27 
252.56  209.82 
217.82  209.74 
207.33  168.48 
201.72  163.43 
193.23  153.82 
175.33  140.90 
162.70  127.35 
146.63  116.93 
139.04  111.94 
112.13  94.09  
95.73   83.99  
101.51  80.83  
103.88  84.19  
109.98  91.62  
110.71  89.93  
106.18  89.44  
102.95  83.01  
100.09  77.17  
93.99   75.89  
90.54   72.96  
91.95   75.51  
96.61   80.02  
98.09   86.96  
98.20   81.77  
99.12   85.48  
98.26   75.02  
90.88   73.46  
81.47   68.09  
79.67   63.03  
77.21   61.68  
77.70   66.08  
84.08   70.13  
97.63   87.27  
102.72  107.30 
113.97  96.66  
114.23  92.11  
112.88  89.24  
104.35  89.67  
88.69   80.62  
84.73   71.30  
87.69   71.73  
84.54   68.08  
81.27   64.84  
80.75   65.73  
82.92   67.38  
83.30   71.46  
81.57   65.57  
77.32   63.99  
65.26   47.24  
46.79   35.61  
15.98   15.99  
0.00    0.00   
# Capacity: 25
0.00    0.00   
0.00    0.00   
60.94   52.21  
66.08   55.42  
72.09   61.62  
77.42   66.18  
84.66   68.77  
86.77   76.29  
99.94   86.10  
112.19  100.19 
134.05  117.89 
152.61  142.58 
168.94  138.75 
179.56  144.86 
182.86  153.67 
183.95  148.48 
181.41  145.63 
177.34  134.08 
166.74  133.82 
164.36  127.77 
153.57  136.44 
147.96  148.26 
169.66  140.14 
176.00  143.20 
183.43  151.24 
186.71  152.37 
195.34  161.08 
202.40  157.01 
205.96  168.66 
194.13  178.31 
194.62  154.15 
193.61  161.34 
191.47  153.06 
185.03  140.20 
174.43  140.94 
167.84  126.77 
159.97  129.80 
153.19  127.89 
149.98  129.77 
155.70  128.39 
169.99  141.93 
190.06  164.43 
212.49  179.34 
225.91  214.89 
252.63  202.38 
258.14  208.26 
259.03  209.76 
256.76  212.14 
259.89  199.40 
250.16  191.95 
251.35  189.89 
251.57  204.11 
218.84  206.94 
209.54  167.27 
202.49  154.34 
194.28  147.33 
176.61  143.57 
157.54  123.22 
145.53  111.18 
135.77  104.50 
112.70  90.72  
97.26   81.01  
101.50  83.13  
105.93  84.91  
106.60  85.97  
107.85  86.98  
105.71  87.01  
102.95  78.34  
97.32   81.71  
92.49   72.09  
94.77   75.16  
92.57   75.25  
95.01   83.24  
97.29   90.13  
99.08   82.37  
99.36   79.20  
99.35   75.38  
88.84   71.50  
80.13   66.23  
77.43   63.08  
77.97   64.62  
78.79   66.05  
83.37   70.14  
96.96   83.18  
106.38  105.87 
113.48  97.46  
115.47  93.42  
110.91  87.26  
103.55  80.94  
88.64   79.38  
86.24   71.76  
87.43   73.87  
84.16   67.11  
80.49   65.29  
79.38   66.17  
82.18   68.09  
84.02   67.60  
83.91   68.98  
78.17   60.53  
65.70   47.58  
46.77   32.30  
15.99   15.98  
0.00    0.00   
# Capacity: 26
0.00    0.00   
0.00    0.00   
61.28   50.65  
65.98   54.29  
71.91   61.69  
76.84   66.43  
82.38   69.78  
88.72   74.75  
97.61   81.50  
115.54  98.46  
135.40  119.60 
152.86  144.66 
165.75  137.90 
176.49  141.60 
175.60  145.88 
179.42  145.00 
179.09  150.24 
176.03  134.12 
167.26  126.30 
163.52  124.98 
155.01  135.71 
150.75  148.98 
170.63  138.00 
176.49  144.80 
184.35  145.49 
190.77  149.62 
190.37  156.44 
199.50  157.62 
208.37  169.39 
191.21  182.78 
192.35  160.20 
196.81  154.62 
187.16  149.30 
183.01  138.30 
177.20  137.50 
164.22  130.19 
160.75  128.47 
156.60  119.59 
149.31  124.13 
158.94  130.97 
173.65  143.67 
192.00  157.58 
211.64  180.72 
228.52  208.95 
246.51  191.69 
255.34  203.84 
261.15  212.20 
259.12  205.06 
257.18  203.29 
251.66  195.32 
250.78  197.17 
249.96  203.75 
218.13  207.97 
203.10  157.97 
203.31  154.53 
190.14  143.95 
174.82  138.10 
159.36  129.93 
148.55  112.06 
136.26  103.61 
114.46  91.22  
100.29  77.84  
102.67  79.60  
105.23  82.18  
105.36  86.54  
110.37  85.25  
106.55  86.02  
102.11  81.58  
96.98   77.09  
93.85   74.92  
91.53   73.80  
94.50   77.40  
97.21   82.42  
99.36   87.62  
98.32   80.57  
100.02  79.58  
95.84   78.91  
89.58   70.95  
83.34   66.07  
78.78   61.75  
76.81   61.87  
76.40   64.43  
84.99   71.84  
98.45   83.07  
100.99  106.42 
115.39  93.54  
115.34  95.93  
111.94  89.04  
103.14  83.84  
88.41   82.57  
86.53   71.09  
85.68   67.94  
84.66   65.21  
82.21   58.12  
79.50   64.12  
80.77   64.14  
83.40   68.41  
82.99   64.82  
79.86   58.60  
66.46   52.13  
46.80   28.58  
15.97   15.99  
0.00    0.00   
# Capacity: 27
0.00    0.00   
0.00    0.00   
61.12   50.58  
67.64   54.90  
72.29   60.84  
78.49   64.45  
85.43   70.50  
90.98   72.33  
100.13  82.89  
116.12  101.32 
138.48  112.91 
151.37  140.72 
165.74  133.59 
173.73  142.14 
179.81  145.69 
183.88  148.77 
182.03  140.34 
174.97  138.21 
168.43  126.54 
162.15  124.04 
151.56  132.20 
152.11  146.53 
171.01  140.25 
175.97  144.34 
184.70  147.60 
193.07  147.49 
189.70  150.30 
204.05  152.97 
203.15  162.19 
188.85  177.50 
189.82  148.68 
193.27  150.62 
190.88  148.45 
183.39  140.26 
173.84  128.88 
166.41  132.83 
161.80  126.00 
153.61  123.08 
146.64  125.31 
153.50  130.85 
171.75  138.61 
193.69  156.56 
214.78  176.00 
225.04  205.74 
252.68  193.22 
259.51  207.64 
256.80  212.05 
267.84  207.67 
253.58  195.42 
244.75  194.78 
248.49  198.53 
248.65  199.55 
212.87  204.81 
203.96  166.67 
204.73  163.05 
192.71  154.37 
177.10  134.64 
160.34  124.73 
145.09  108.14 
136.73  101.32 
112.96  90.22  
96.20   77.84  
99.35   81.37  
103.91  82.88  
106.50  88.16  
108.75  85.12  
107.46  86.46  
102.68  78.79  
99.07   76.54  
94.28   73.04  
93.75   73.19  
93.15   73.64  
96.87   82.00  
100.83  90.72  
100.04  79.22  
101.71  80.74  
96.92   76.68  
90.72   70.04  
80.81   66.39  
78.47   60.98  
76.56   62.14  
77.31   65.85  
84.69   70.10  
97.57   84.62  
103.64  103.60 
113.20  98.95  
118.43  86.37  
112.38  89.03  
104.01  83.20  
89.60   79.86  
82.90   70.06  
86.82   67.13  
83.57   65.64  
78.67   59.75  
81.11   61.75  
81.56   68.82  
82.84   66.24  
83.97   64.89  
77.38   56.56  
63.68   47.38  
46.85   32.45  
15.95   15.98  
0.00    0.00   
# Capacity: 28
0.00    0.00   
0.00    0.00   
61.25   49.37  
65.27   55.21  
72.79   61.18  
77.55   64.89  
87.27   70.28  
90.53   70.71  
98.50   81.67  
114.10  95.61  
136.57  115.41 
148.01  144.36 
169.85  138.80 
175.42  139.19 
183.01  142.30 
180.67  144.25 
177.93  139.68 
175.87  128.50 
170.17  123.76 
161.25  130.37 
152.56  128.45 
149.84  149.31 
169.55  144.46 
180.52  140.67 
180.22  153.98 
190.85  151.15 
191.35  146.83 
201.26  158.54 
202.26  166.52 
192.62  179.90 
196.71  151.96 
191.97  146.10 
190.06  137.71 
183.43  142.78 
172.66  126.55 
165.70  124.44 
155.24  126.85 
154.22  121.43 
147.51  123.72 
154.69  128.31 
177.66  139.87 
191.53  158.03 
214.78  176.79 
221.50  207.57 
248.65  195.68 
252.69  204.08 
271.19  205.87 
262.93  203.03 
257.12  188.16 
248.14  195.72 
256.12  191.10 
249.84  197.16 
220.26  203.62 
207.61  164.22 
200.48  155.12 
194.27  150.12 
174.21  138.38 
161.07  119.57 
149.33  113.45 
136.69  104.03 
111.93  88.23  
100.32  77.04  
99.56   80.86  
102.85  83.20  
104.73  85.41  
107.85  85.97  
108.25  87.01  
104.28  78.41  
96.69   76.58  
94.98   67.42  
92.42   69.96  
95.06   76.47  
98.95   77.16  
97.17   86.11  
100.55  78.94  
100.72  78.00  
97.30   77.56  
91.18   69.35  
83.24   65.25  
76.98   62.57  
76.79   59.88  
76.69   64.29  
82.87   70.05  
97.03   85.15  
103.05  101.78 
109.88  91.97  
117.99  87.08  
112.36  86.63  
102.14  81.61  
88.76   78.66  
84.66   69.21  
88.01   65.98  
82.75   65.12  
81.40   63.63  
78.00   62.59  
81.70   64.87  
82.70   64.84  
81.79   65.07  
76.95   58.32  
65.97   48.13  
46.81   31.55  
15.98   15.98  
0.00    0.00   
# Capacity: 29
0.00    0.00   
0.00    0.00   
60.77   51.09  
65.32   52.75  
70.44   60.31  
77.57   63.45  
83.27   70.52  
87.91   75.27  
99.38   81.53  
116.43  99.02  
131.62  120.06 
148.91  144.55 
166.71  133.32 
176.45  137.61 
177.87  142.35 
182.34  144.01 
182.74  128.02 
171.64  133.87 
165.79  127.27 
163.32  122.72 
151.36  129.23 
147.57  142.88 
168.65  137.36 
180.99  137.50 
184.33  148.69 
190.25  145.47 
188.00  152.47 
200.73  147.76 
203.52  156.91 
187.59  180.67 
194.35  156.93 
190.02  147.25 
190.89  134.94 
181.87  137.68 
170.83  128.12 
165.67  128.37 
160.05  122.00 
156.08  119.06 
149.38  125.42 
151.61  130.09 
171.37  129.46 
190.35  158.79 
215.62  181.56 
229.10  206.79 
246.77  199.71 
249.09  198.93 
259.69  204.86 
259.44  201.73 
250.00  186.68 
245.68  194.18 
250.14  192.90 
246.98  195.78 
217.72  204.57 
207.70  156.04 
205.45  144.92 
192.23  145.04 
180.27  136.04 
161.59  118.57 
150.68  106.40 
137.73  98.10  
110.66  88.98  
97.22   73.37  
100.16  80.84  
103.19  80.61  
104.29  83.80  
108.97  82.20  
109.15  80.65  
103.41  79.97  
95.57   74.10  
95.01   70.27  
88.04   72.52  
94.47   74.32  
96.50   78.44  
97.85   85.23  
100.82  81.36  
100.74  80.73  
98.25   74.77  
89.92   67.88  
83.54   63.83  
76.43   59.84  
75.90   61.12  
77.07   64.95  
84.42   69.64  
95.92   80.34  
105.01  100.12 
112.93  91.40  
114.53  87.29  
109.53  84.07  
103.04  80.53  
90.19   76.19  
83.51   69.33  
85.76   66.22  
82.42   61.58  
78.94   65.59  
80.18   62.97  
82.03   66.28  
85.50   70.59  
83.03   66.20  
78.82   59.59  
66.27   46.85  
46.69   30.48  
15.97   15.99  
0.00    0.00   
# Capacity: 30
0.00    0.00   
0.00    0.00   
60.79   50.27  
63.96   55.54  
72.53   60.42  
74.90   63.66  
81.93   68.37  
85.94   73.59  
98.67   79.14  
112.86  96.08  
136.74  116.97 
149.19  133.25 
167.61  127.19 
175.28  138.85 
174.88  141.92 
183.80  134.63 
179.95  138.89 
174.32  135.16 
168.84  125.47 
162.23  125.55 
153.11  125.30 
154.28  145.93 
165.41  130.59 
176.47  136.18 
183.71  143.54 
185.82  141.28 
194.95  147.99 
202.09  153.10 
206.27  155.03 
191.24  172.19 
192.48  150.64 
192.22  148.88 
190.19  142.99 
179.88  133.51 
177.54  125.71 
170.50  129.44 
158.21  118.02 
153.65  114.46 
151.22  129.46 
159.61  122.58 
170.96  134.85 
197.86  156.51 
216.17  177.45 
225.31  199.01 
241.28  191.67 
262.29  200.17 
265.57  200.62 
259.23  194.05 
254.43  191.17 
250.88  191.50 
247.68  185.58 
247.10  187.61 
216.51  195.86 
208.84  146.22 
203.99  154.38 
194.30  138.17 
175.03  130.73 
161.80  116.05 
146.86  106.53 
135.96  98.10  
111.90  88.19  
100.95  75.41  
101.94  78.23  
103.68  79.43  
105.03  84.79  
106.99  80.11  
107.13  78.53  
103.51  75.35  
96.84   72.65  
93.22   72.30  
91.99   71.27  
94.30   72.21  
96.91   78.45  
98.64   82.95  
96.80   79.01  
101.39  77.47  
96.40   71.19  
91.08   67.08  
82.59   63.12  
77.71   59.28  
75.98   62.58  
76.22   63.43  
84.16   69.02  
98.30   83.58  
104.35  103.47 
114.70  90.70  
116.54  86.48  
108.44  83.62  
103.12  78.77  
87.61   76.95  
84.22   68.37  
86.86   65.35  
85.20   62.85  
80.03   64.82  
81.36   60.78  
81.44   64.36  
84.49   65.17  
82.79   62.84  
77.19   53.29  
66.72   45.84  
46.83   29.28  
15.98   15.98  
0.00    0.00   
# Capacity: 31
0.00    0.00   
0.00    0.00   
62.06   49.44  
65.50   53.17  
72.48   57.33  
78.02   63.12  
83.17   66.36  
91.08   69.80  
96.85   81.51  
115.36  96.13  
135.49  110.14 
149.71  136.22 
166.25  131.92 
174.53  136.83 
184.47  139.39 
183.15  140.65 
183.75  135.84 
179.77  130.20 
163.84  116.09 
159.59  119.43 
155.11  128.03 
148.89  138.53 
171.18  131.35 
180.64  139.70 
186.83  144.80 
182.24  147.01 
193.28  143.23 
201.30  147.72 
203.32  157.52 
193.17  169.77 
194.38  145.90 
196.55  145.74 
186.88  139.59 
182.48  126.57 
167.19  125.05 
164.37  129.43 
158.67  122.39 
153.46  122.99 
149.58  127.84 
158.26  123.76 
175.01  138.03 
192.06  157.05 
217.62  169.34 
222.93  201.69 
246.27  191.94 
261.42  193.95 
267.71  195.19 
262.42  194.21 
259.22  190.13 
251.02  175.95 
247.75  189.08 
248.94  178.97 
218.20  196.58 
208.98  151.50 
201.45  148.30 
191.38  142.75 
179.95  126.13 
161.32  114.74 
146.52  106.34 
136.48  98.80  
113.09  86.14  
99.03   74.58  
100.65  80.19  
102.81  77.07  
104.41  81.51  
109.47  78.00  
105.64  80.90  
103.20  73.39  
98.15   73.40  
94.97   70.92  
93.86   72.67  
92.52   74.22  
99.49   77.17  
95.85   83.89  
101.80  79.42  
102.59  78.21  
97.65   71.51  
90.47   64.60  
82.71   60.92  
78.90   58.74  
77.62   60.40  
77.95   63.16  
82.85   69.13  
96.58   81.67  
104.75  100.70 
114.84  90.52  
115.62  88.88  
110.61  82.45  
102.72  80.72  
88.30   75.55  
83.51   67.55  
84.93   65.55  
82.81   61.10  
80.57   58.23  
80.06   61.45  
85.82   66.32  
83.75   61.86  
84.32   61.33  
76.21   56.37  
67.10   44.26  
46.89   29.65  
15.95   15.97  
0.00    0.00   
# Capacity: 32
0.00    0.00   
0.00    0.00   
61.10   47.78  
65.83   52.11  
72.58   58.83  
78.07   62.07  
83.88   65.11  
88.28   68.48  
98.30   78.49  
114.21  97.61  
134.92  113.17 
149.38  134.20 
172.83  129.86 
179.28  131.78 
180.72  134.35 
184.30  134.31 
186.57  131.79 
175.75  129.00 
169.41  121.46 
163.82  120.00 
151.29  127.39 
150.13  138.71 
169.38  131.14 
179.77  135.41 
184.86  144.48 
192.11  140.13 
192.28  142.82 
199.32  149.36 
199.69  162.06 
193.37  172.91 
196.10  140.19 
194.05  139.20 
190.53  130.57 
179.60  128.14 
173.61  125.26 
169.60  116.65 
161.30  120.81 
158.65  117.93 
151.89  124.40 
155.61  121.90 
177.23  132.89 
190.47  148.97 
218.88  171.31 
225.33  202.41 
247.50  181.49 
252.58  193.16 
258.53  201.18 
260.66  198.13 
260.73  190.35 
251.71  186.43 
248.31  179.28 
249.27  181.93 
214.81  197.20 
208.04  146.63 
203.07  150.25 
192.59  137.14 
178.95  131.88 
160.67  117.33 
147.60  104.54 
137.48  96.27  
112.66  86.65  
96.68   75.76  
100.66  75.15  
107.43  75.61  
107.05  76.33  
111.41  81.56  
106.92  78.44  
103.48  74.52  
95.91   68.19  
94.26   68.80  
90.79   70.10  
93.61   73.94  
96.43   76.15  
100.48  87.45  
99.43   74.16  
101.15  75.32  
97.94   71.59  
89.42   64.22  
81.66   60.46  
77.65   59.37  
76.60   58.34  
75.48   63.09  
85.30   67.23  
99.13   81.45  
105.37  102.38 
112.53  91.03  
115.06  82.47  
112.06  80.71  
104.82  76.41  
89.30   77.04  
83.73   64.17  
86.51   63.98  
82.38   61.19  
80.73   58.74  
80.86   58.86  
81.78   64.33  
84.40   62.08  
84.51   60.24  
77.64   53.21  
65.39   40.26  
46.80   25.44  
15.96   15.98  
0.00    0.00   
# Capacity: 33
0.00    0.00   
0.00    0.00   
61.14   48.91  
65.59   54.36  
71.52   56.28  
76.15   61.59  
84.55   66.73  
89.03   69.44  
97.63   78.07  
112.69  94.73  
137.49  113.85 
150.57  132.14 
168.55  125.52 
175.44  138.07 
183.41  135.57 
183.86  133.26 
182.35  126.44 
175.09  127.94 
171.12  118.81 
161.76  119.87 
154.97  125.97 
153.22  143.57 
170.74  132.83 
178.97  132.59 
179.71  136.01 
189.55  145.26 
187.07  141.32 
201.35  151.77 
205.99  148.77 
192.92  167.09 
193.33  145.65 
195.69  147.68 
192.99  127.26 
181.02  126.83 
173.87  127.71 
170.24  113.63 
161.39  114.64 
157.77  117.57 
151.49  127.26 
153.49  123.28 
169.17  135.09 
191.18  150.59 
218.59  168.20 
223.11  197.86 
246.82  181.17 
257.82  182.99 
259.06  186.85 
264.63  193.32 
265.32  189.17 
253.75  177.94 
249.93  178.87 
244.97  188.50 
214.18  196.78 
206.76  150.79 
202.93  136.10 
197.28  137.36 
179.10  122.96 
162.12  110.32 
148.51  99.71  
138.30  87.36  
113.16  84.18  
100.86  73.33  
101.15  80.80  
105.27  75.92  
106.12  76.68  
110.87  79.23  
105.76  77.28  
101.78  72.76  
97.75   69.31  
94.91   72.15  
93.39   70.32  
92.61   72.66  
98.65   77.18  
100.35  82.00  
100.20  78.73  
101.39  74.31  
97.91   69.87  
92.38   66.91  
82.92   57.90  
77.90   56.10  
77.57   56.90  
76.14   62.74  
84.36   68.48  
98.27   77.68  
103.30  100.74 
113.08  88.52  
117.20  82.10  
111.32  78.16  
103.32  72.80  
87.92   75.90  
84.46   65.90  
86.32   62.90  
83.92   61.32  
80.70   59.56  
80.13   58.32  
82.39   62.14  
82.98   62.31  
83.80   62.76  
78.48   55.52  
63.48   44.34  
46.82   28.47  
15.99   15.98  
0.00    0.00   
# Capacity: 34
0.00    0.00   
0.00    0.00   
62.19   48.00  
66.11   53.84  
70.11   58.65  
77.57   59.42  
83.77   62.72  
91.65   68.54  
100.58  79.00  
111.73  94.71  
136.49  113.79 
147.85  129.80 
168.04  121.12 
176.02  130.99 
179.80  136.83 
182.80  132.64 
181.50  132.51 
178.20  123.85 
167.22  117.30 
162.57  112.84 
155.52  122.84 
149.60  133.01 
175.65  131.76 
178.10  132.15 
179.70  131.96 
188.68  137.40 
192.00  145.84 
199.89  148.08 
206.89  149.85 
189.92  172.57 
196.37  141.63 
192.86  142.84 
194.13  126.32 
184.84  128.82 
176.19  124.94 
166.14  113.02 
159.93  114.47 
155.20  117.18 
149.38  122.84 
156.30  115.68 
171.01  131.33 
188.49  149.37 
213.74  167.78 
230.87  199.66 
242.09  181.37 
254.40  183.28 
261.35  196.82 
260.55  186.39 
257.90  179.92 
253.35  177.86 
246.66  172.51 
245.77  175.53 
216.83  189.83 
204.52  145.73 
199.42  135.56 
196.41  137.43 
179.17  125.35 
161.04  110.01 
149.22  101.12 
137.81  85.12  
113.20  88.23  
97.07   72.68  
100.22  76.50  
106.39  76.41  
106.38  79.67  
108.92  78.25  
106.53  82.10  
103.99  71.63  
99.67   69.57  
93.32   66.32  
92.74   66.20  
95.68   71.33  
98.06   75.90  
99.84   81.86  
101.47  76.42  
101.24  70.34  
100.47  69.94  
89.97   63.59  
81.12   59.63  
78.85   55.57  
77.45   57.22  
77.12   62.18  
86.47   67.37  
97.70   77.92  
103.20  98.88  
110.76  87.41  
115.07  85.16  
110.13  77.26  
104.91  75.21  
90.30   74.87  
84.01   65.87  
88.12   64.88  
84.26   59.53  
80.77   55.03  
80.38   56.34  
83.77   61.67  
84.53   64.54  
82.63   58.78  
76.76   53.31  
66.46   41.45  
46.66   23.89  
15.99   15.99  
0.00    0.00   
# Capacity: 35
0.00    0.00   
0.00    0.00   
59.56   46.73  
66.53   51.79  
72.44   56.27  
76.95   59.53  
84.40   61.50  
88.08   69.86  
98.62   77.47  
115.01  89.97  
134.98  108.71 
149.02  130.01 
169.06  124.00 
173.42  130.21 
180.64  135.67 
181.87  131.00 
186.03  123.04 
177.04  124.14 
171.50  113.17 
165.92  119.59 
155.69  122.04 
151.04  133.59 
170.11  129.93 
176.68  128.35 
182.25  138.09 
195.21  139.36 
193.80  146.26 
201.70  148.22 
202.22  148.72 
191.52  168.47 
190.66  142.01 
189.23  139.70 
189.59  129.72 
183.45  125.79 
171.64  118.95 
164.60  115.46 
162.62  114.38 
155.22  117.86 
145.46  121.54 
159.86  119.64 
173.65  130.20 
195.75  145.20 
218.02  164.20 
226.17  191.04 
246.52  180.55 
259.68  187.04 
257.58  191.57 
258.91  180.05 
255.95  178.75 
250.89  171.91 
250.14  172.52 
247.96  175.19 
213.24  192.75 
210.98  147.55 
206.36  140.53 
194.17  132.00 
178.31  122.96 
164.03  113.64 
145.00  96.64  
138.31  85.76  
112.49  83.49  
99.87   72.94  
100.81  72.00  
104.08  78.01  
105.88  76.17  
109.00  79.61  
108.75  73.05  
103.98  72.48  
96.94   69.41  
95.15   66.65  
93.46   64.98  
94.48   69.80  
97.93   74.92  
98.57   78.36  
100.42  73.82  
101.86  71.61  
98.44   68.00  
91.44   64.77  
82.92   60.38  
77.47   56.60  
77.13   56.94  
78.49   62.11  
84.97   66.09  
98.22   80.32  
104.29  97.50  
111.79  84.43  
118.64  80.50  
109.02  80.34  
103.86  71.87  
89.73   75.76  
85.97   66.43  
88.31   62.06  
83.66   58.26  
79.19   56.71  
79.31   59.74  
81.16   59.63  
83.99   62.13  
82.21   59.93  
77.75   55.19  
65.75   41.66  
46.84   26.06  
15.98   15.98  
0.00    0.00   
# Capacity: 36
0.00    0.00   
0.00    0.00   
59.90   46.32  
65.88   51.54  
72.92   54.91  
78.52   60.81  
84.14   61.13  
90.61   65.79  
100.55  75.48  
116.72  92.59  
137.59  109.53 
150.17  132.54 
169.19  125.06 
170.71  128.45 
182.82  132.95 
182.14  137.27 
182.32  126.78 
176.91  120.00 
167.03  116.55 
159.04  110.59 
154.69  124.35 
150.32  132.74 
168.37  124.34 
176.52  129.45 
180.75  131.81 
193.67  135.15 
192.16  140.09 
199.84  141.07 
201.62  145.36 
189.40  163.68 
193.80  141.08 
188.26  139.11 
191.35  131.30 
183.00  120.91 
173.23  116.49 
164.71  117.46 
160.80  111.37 
157.23  112.24 
147.82  122.19 
155.88  120.34 
176.22  129.01 
195.95  142.89 
215.41  166.59 
226.54  191.88 
249.03  176.12 
263.06  180.60 
262.64  183.66 
265.42  182.18 
255.37  176.23 
245.74  176.87 
250.65  169.92 
244.78  176.50 
219.11  182.69 
208.19  145.34 
202.36  141.42 
196.28  131.68 
179.00  117.17 
159.45  108.59 
149.43  98.84  
136.92  84.04  
111.78  82.63  
98.16   72.39  
100.12  73.90  
106.36  74.93  
106.16  75.64  
109.55  75.19  
104.66  77.90  
106.29  69.66  
96.49   70.21  
93.73   66.87  
93.45   68.10  
94.78   69.89  
98.92   77.07  
97.65   80.76  
100.28  71.68  
101.44  71.16  
98.99   65.98  
88.55   60.66  
83.90   58.67  
78.67   57.19  
77.29   52.05  
76.72   60.42  
82.08   66.55  
97.88   76.83  
103.17  94.80  
112.02  83.45  
114.40  81.27  
110.14  77.42  
101.61  71.40  
88.72   74.73  
85.28   62.81  
88.22   62.20  
86.43   58.43  
79.93   57.50  
79.96   58.88  
81.90   60.55  
83.92   61.64  
83.18   61.99  
75.80   53.09  
66.52   40.93  
46.87   25.34  
15.98   15.98  
0.00    0.00   
# Capacity: 37
0.00    0.00   
0.00    0.00   
61.52   47.42  
66.72   52.81  
73.56   54.76  
74.97   58.13  
84.62   60.46  
87.68   68.30  
102.40  77.69  
114.49  92.55  
135.73  108.96 
146.42  131.42 
169.68  120.35 
175.10  128.68 
181.22  126.44 
182.57  137.07 
183.28  128.46 
177.02  122.12 
170.37  115.73 
161.77  111.40 
152.36  123.10 
149.20  134.29 
167.88  121.93 
178.14  125.27 
179.65  134.96 
191.89  138.52 
192.02  139.57 
202.76  144.20 
205.77  147.83 
195.36  164.43 
190.14  138.49 
195.53  140.13 
189.68  129.12 
183.59  122.29 
173.39  115.11 
168.27  109.64 
157.75  116.81 
157.03  109.82 
148.09  117.89 
152.35  117.80 
175.80  132.47 
190.07  146.66 
211.20  162.15 
228.00  191.67 
250.61  181.07 
258.94  177.02 
261.97  187.87 
261.12  179.21 
259.10  178.10 
252.43  171.13 
252.04  176.52 
250.51  176.72 
217.04  188.93 
210.30  146.63 
205.29  139.61 
191.98  134.05 
177.40  117.00 
160.65  105.95 
148.30  99.94  
138.38  91.14  
109.33  82.68  
101.11  70.42  
99.85   70.02  
104.63  70.87  
106.49  76.23  
109.77  79.04  
105.21  74.74  
103.41  68.04  
99.43   71.05  
95.24   65.58  
91.35   65.75  
93.34   69.41  
99.28   74.47  
98.88   80.00  
103.50  73.76  
98.26   70.95  
95.64   68.46  
89.52   63.07  
84.78   59.09  
79.28   56.95  
74.39   55.23  
78.53   60.61  
84.32   65.61  
98.04   77.18  
103.82  96.76  
113.79  82.62  
116.49  76.30  
112.89  72.25  
103.93  68.74  
88.36   74.58  
83.37   63.72  
86.73   59.11  
83.73   57.65  
82.21   54.73  
82.14   57.50  
81.85   60.81  
83.58   60.78  
82.13   57.53  
78.10   46.48  
66.46   38.90  
46.85   24.08  
15.98   15.99  
0.00    0.00   
# Capacity: 38
0.00    0.00   
0.00    0.00   
60.54   46.50  
66.44   52.77  
72.84   54.92  
76.48   59.44  
83.46   59.23  
90.89   67.64  
97.93   78.01  
116.40  90.61  
138.21  106.97 
149.38  128.82 
168.67  116.86 
177.13  125.40 
174.77  128.44 
184.15  128.03 
180.98  120.99 
178.08  123.04 
167.87  115.30 
161.12  108.91 
151.40  122.90 
151.73  130.43 
169.54  122.35 
175.28  129.50 
182.40  128.43 
189.23  132.26 
194.23  141.79 
204.16  143.15 
206.19  149.83 
190.86  160.83 
190.95  142.94 
189.30  129.49 
189.20  117.71 
179.22  121.48 
174.42  111.36 
168.77  112.45 
160.76  110.74 
156.15  107.09 
148.76  119.65 
156.68  115.05 
178.54  132.58 
190.15  141.99 
216.39  164.05 
235.48  188.24 
251.38  177.17 
258.50  181.33 
263.96  182.37 
261.96  183.99 
262.03  172.93 
247.98  183.88 
250.66  169.07 
250.87  171.37 
222.85  184.90 
205.80  140.90 
198.79  138.30 
192.80  135.53 
173.82  119.49 
160.85  103.07 
153.37  94.66  
136.90  83.12  
114.07  80.50  
98.93   70.43  
100.30  71.64  
105.82  73.30  
106.33  73.83  
108.97  75.49  
107.85  73.57  
103.52  69.18  
97.43   65.08  
94.67   66.05  
90.79   66.51  
93.69   66.72  
96.82   74.27  
98.28   79.50  
98.87   73.55  
97.36   73.37  
99.18   69.15  
91.62   62.16  
83.04   53.24  
78.22   53.24  
76.57   53.72  
78.64   61.37  
82.88   66.13  
96.74   76.25  
105.27  92.87  
111.52  83.03  
117.77  80.82  
109.41  75.50  
102.98  69.69  
89.79   73.57  
84.14   60.96  
87.58   56.63  
83.62   56.34  
79.80   58.24  
80.17   58.27  
81.22   60.07  
83.45   60.88  
83.29   54.70  
77.75   49.50  
66.05   40.07  
46.85   20.73  
15.99   15.98  
0.00    0.00   
# Capacity: 39
0.00    0.00   
0.00    0.00   
59.25   46.53  
66.83   52.26  
73.77   52.51  
79.02   56.61  
85.24   61.62  
89.90   66.57  
100.16  76.79  
114.78  91.34  
136.42  105.15 
150.83  124.93 
166.88  117.05 
175.84  126.24 
182.15  134.56 
185.94  124.12 
187.99  117.85 
178.03  118.12 
168.23  111.97 
162.71  110.09 
152.59  123.68 
153.98  133.07 
167.54  118.55 
178.24  125.88 
184.45  125.80 
189.25  133.22 
190.71  132.04 
197.56  142.04 
204.75  148.76 
191.95  160.26 
194.02  133.47 
191.34  131.12 
187.47  118.60 
183.39  123.04 
171.52  113.10 
168.01  111.72 
161.23  107.61 
156.02  108.34 
149.30  118.26 
153.77  112.82 
175.79  126.05 
197.86  143.86 
213.50  160.11 
228.16  184.55 
248.05  179.79 
258.99  171.32 
260.59  183.44 
266.34  177.09 
260.23  166.62 
253.67  168.01 
255.71  166.62 
245.89  174.29 
218.14  183.99 
207.10  135.99 
206.46  130.97 
192.25  127.70 
179.49  116.48 
160.29  103.13 
150.02  96.64  
138.46  83.78  
112.83  80.61  
100.60  69.83  
99.00   68.64  
105.93  71.55  
106.09  73.94  
109.50  75.10  
108.46  73.67  
103.59  67.38  
96.56   65.88  
93.23   64.96  
92.12   62.85  
94.04   69.58  
97.95   71.45  
97.96   76.31  
101.87  71.59  
101.42  69.60  
98.97   64.73  
88.49   61.76  
81.70   55.26  
80.80   54.07  
76.70   54.81  
76.74   60.32  
85.07   63.50  
96.65   77.94  
101.82  96.40  
113.40  82.14  
114.14  80.30  
110.22  72.89  
103.13  68.28  
90.49   70.56  
84.36   62.44  
86.78   59.16  
84.68   55.86  
79.92   54.41  
79.25   54.99  
81.95   58.21  
84.23   59.94  
84.60   55.47  
77.01   45.41  
66.33   36.96  
46.83   22.84  
15.98   15.99  
0.00    0.00   
# Capacity: 40
0.00    0.00   
0.00    0.00   
60.10   46.05  
67.49   48.71  
72.73   54.05  
78.46   59.44  
85.11   59.18  
91.77   67.24  
103.48  74.28  
113.85  87.42  
136.10  104.97 
150.42  125.45 
169.83  115.93 
175.75  125.89 
178.25  127.93 
182.15  123.55 
186.99  119.96 
178.42  114.12 
165.39  108.15 
162.24  105.54 
153.15  119.46 
149.73  130.45 
166.84  124.32 
178.08  125.89 
187.40  133.62 
190.83  130.59 
192.20  135.16 
198.27  133.41 
203.19  146.48 
186.96  156.01 
192.22  133.36 
198.79  133.04 
193.13  117.02 
182.99  118.40 
170.76  113.68 
163.31  102.74 
163.70  106.50 
158.88  107.82 
148.76  115.18 
159.94  115.27 
173.94  126.14 
194.29  141.96 
219.06  162.23 
231.45  180.11 
252.08  162.26 
250.72  170.66 
257.37  177.10 
266.02  175.02 
258.44  172.41 
247.07  166.39 
249.32  165.11 
246.44  174.24 
217.93  176.38 
205.95  137.25 
201.55  128.37 
192.63  120.76 
180.28  120.09 
160.49  100.31 
147.52  91.85  
137.24  85.91  
112.97  79.43  
99.45   66.07  
98.94   71.57  
104.57  71.40  
104.29  73.91  
107.23  71.21  
105.91  68.05  
105.27  67.52  
96.67   63.64  
93.83   63.62  
89.86   61.36  
94.72   67.51  
97.83   70.05  
99.90   75.09  
100.28  70.14  
99.72   67.97  
98.59   65.16  
88.91   58.52  
81.76   54.35  
80.85   53.94  
75.57   50.99  
77.51   58.10  
83.11   65.24  
97.37   75.21  
103.11  94.72  
110.15  78.76  
115.78  76.44  
111.79  74.81  
102.23  68.14  
90.45   70.64  
85.34   60.85  
89.20   55.36  
84.99   54.08  
81.77   55.15  
81.01   54.29  
82.85   56.17  
84.09   57.15  
83.44   56.82  
78.78   49.24  
66.63   36.93  
46.91   22.50  
16.00   15.99  
0.00    0.00   
# Capacity: 41
0.00    0.00   
0.00    0.00   
0.00    0.00   
62.37   44.30  
67.25   51.22  
73.26   51.55  
71.85   51.97  
75.57   54.26  
93.69   62.44  
103.15  74.94  
122.78  97.10  
140.67  109.78 
158.45  103.81 
160.67  106.84 
161.96  113.85 
162.42  113.83 
165.22  105.11 
159.24  104.65 
155.55  95.29  
152.66  93.54  
139.48  100.68 
142.93  121.77 
151.33  105.28 
168.65  104.66 
169.48  102.70 
177.96  107.19 
182.67  124.14 
186.81  122.05 
190.53  127.24 
183.95  148.43 
180.48  118.47 
179.44  118.72 
172.68  98.53  
172.27  102.33 
162.29  95.60  
155.64  98.97  
148.53  94.24  
144.58  84.05  
131.92  104.67 
137.81  99.27  
160.31  104.76 
176.57  125.35 
186.71  146.78 
210.98  162.37 
219.80  159.96 
235.80  159.38 
243.84  163.46 
245.24  139.01 
239.21  147.24 
230.91  152.33 
228.42  139.32 
222.66  155.62 
206.40  169.62 
193.82  118.02 
198.49  110.28 
177.43  111.64 
167.13  97.80  
153.64  91.59  
140.97  83.80  
120.28  71.52  
103.49  71.61  
84.37   55.82  
92.32   60.68  
91.75   62.67  
100.13  60.19  
100.06  68.31  
94.50   58.07  
97.93   52.41  
87.47   57.45  
88.15   54.92  
86.66   51.62  
87.44   59.16  
88.31   64.52  
91.97   66.22  
92.29   66.10  
89.54   61.45  
90.77   57.87  
81.95   52.24  
73.54   51.14  
73.07   46.11  
71.23   45.40  
73.30   50.81  
68.56   56.87  
91.64   69.63  
96.47   83.98  
101.52  74.58  
102.98  61.62  
100.03  66.42  
90.99   58.07  
81.62   63.37  
79.21   53.43  
80.29   52.93  
81.41   45.68  
77.61   46.30  
73.98   50.88  
73.85   53.18  
80.69   52.29  
77.57   47.63  
72.14   45.16  
61.47   35.91  
44.66   21.24  
15.39   15.59  
0.00    0.00   
# Capacity: 42
0.00    0.00   
0.00    0.00   
0.00    0.00   
61.61   43.81  
66.35   46.17  
69.67   50.80  
77.82   53.59  
79.21   55.98  
94.42   61.16  
99.82   77.71  
123.75  93.83  
134.84  111.72 
148.74  101.17 
155.07  105.37 
164.70  101.36 
162.73  101.75 
168.68  104.62 
165.51  100.24 
146.45  99.58  
143.78  85.71  
139.98  96.80  
136.50  113.22 
140.05  104.61 
164.95  105.71 
165.43  111.58 
174.94  111.32 
178.53  114.54 
189.62  119.15 
196.61  127.90 
178.40  140.13 
173.70  113.11 
181.26  108.79 
162.41  104.27 
165.81  97.51  
160.78  104.67 
154.41  91.82  
146.55  86.67  
149.18  87.37  
129.19  99.07  
145.39  96.80  
155.16  109.81 
171.44  119.71 
191.39  137.33 
208.87  145.32 
225.13  145.36 
234.89  154.27 
242.38  158.64 
244.97  152.79 
233.55  148.23 
235.10  147.89 
230.57  140.21 
236.15  158.37 
203.04  156.64 
181.52  115.00 
178.19  115.54 
176.82  106.40 
156.08  101.32 
150.34  83.46  
132.81  77.91  
127.20  70.93  
102.26  72.63  
89.82   60.06  
90.23   60.75  
99.47   64.07  
100.81  60.97  
100.65  63.64  
94.89   63.91  
93.38   57.77  
85.80   57.57  
87.79   54.19  
80.30   53.41  
84.85   57.26  
91.99   59.71  
90.86   69.10  
91.14   57.59  
96.11   61.05  
89.17   52.23  
83.20   48.39  
80.01   49.06  
70.94   42.95  
69.93   45.01  
73.00   50.58  
78.21   57.78  
90.78   65.37  
92.29   79.83  
106.57  75.50  
110.01  63.63  
101.92  65.21  
93.61   62.28  
82.49   62.96  
75.92   54.58  
79.34   52.15  
79.20   48.36  
76.52   47.48  
74.37   48.79  
74.32   50.69  
76.51   50.49  
79.46   48.62  
74.77   40.68  
62.40   35.13  
44.68   18.99  
15.54   15.56  
0.00    0.00   
# Capacity: 43
0.00    0.00   
0.00    0.00   
0.00    0.00   
59.91   41.80  
64.62   49.62  
71.10   49.66  
73.03   52.90  
82.59   51.87  
88.77   63.64  
100.56  79.04  
121.47  87.28  
133.90  107.95 
156.99  99.02  
160.58  109.94 
158.15  105.77 
171.82  101.83 
161.88  96.62  
156.26  100.48 
153.48  88.29  
142.09  83.80  
136.42  101.95 
136.06  112.18 
156.66  109.86 
164.10  110.46 
167.47  109.07 
171.16  107.27 
161.80  123.88 
177.55  110.43 
180.33  121.22 
175.57  135.45 
182.63  119.49 
177.01  116.64 
167.89  102.02 
167.91  97.66  
154.50  92.77  
151.19  96.34  
148.93  94.03  
144.73  91.98  
124.12  105.88 
137.88  92.48  
157.64  102.89 
175.06  120.48 
192.92  140.91 
196.54  148.74 
218.31  146.03 
225.64  150.05 
239.04  156.48 
224.53  148.42 
231.30  137.52 
241.24  141.06 
220.49  144.37 
225.25  147.62 
201.34  162.00 
187.75  117.63 
192.53  105.90 
177.97  103.22 
167.29  92.69  
144.22  94.68  
137.04  79.48  
120.87  70.37  
103.94  68.21  
86.88   59.41  
88.40   59.64  
95.83   65.15  
96.73   65.78  
100.41  61.55  
100.05  60.51  
96.19   56.55  
91.02   54.80  
85.65   53.72  
83.84   56.46  
87.54   56.85  
89.44   59.31  
89.72   68.56  
94.43   57.71  
90.50   61.30  
93.14   53.89  
85.47   54.55  
76.53   48.63  
73.57   44.17  
73.51   46.42  
68.99   49.73  
73.94   52.66  
86.40   69.41  
100.74  82.69  
101.17  69.53  
103.97  62.39  
103.38  66.80  
97.19   61.50  
79.61   63.97  
77.39   54.68  
80.30   51.39  
77.57   47.87  
70.55   47.77  
70.59   46.73  
75.75   50.49  
77.70   52.10  
72.33   46.89  
71.70   40.19  
61.47   31.73  
45.51   17.59  
15.69   15.04  
0.00    0.00   
# Capacity: 44
0.00    0.00   
0.00    0.00   
0.00    0.00   
61.86   41.21  
63.70   43.36  
68.40   49.20  
80.41   47.76  
77.66   48.44  
95.73   64.15  
104.46  80.99  
117.86  84.98  
135.81  94.41  
148.69  98.09  
163.75  99.75  
166.14  99.82  
170.38  114.87 
165.82  100.15 
159.17  95.68  
149.43  91.62  
148.08  87.38  
141.65  98.22  
134.85  112.59 
154.13  99.59  
170.13  103.28 
163.46  101.20 
179.40  113.99 
164.90  103.38 
190.28  115.01 
187.10  119.44 
170.89  142.99 
181.84  111.87 
174.93  117.26 
185.49  102.77 
170.54  91.09  
165.48  96.40  
156.09  86.71  
147.91  90.12  
137.84  85.40  
130.02  98.74  
141.45  84.96  
150.21  101.87 
158.11  107.20 
195.41  131.47 
211.16  163.04 
231.98  149.41 
233.55  145.65 
242.39  148.34 
244.00  149.51 
242.84  138.84 
222.04  148.22 
221.63  138.42 
222.27  142.73 
191.56  163.62 
185.78  108.07 
192.10  106.15 
174.30  100.74 
159.01  98.24  
141.93  81.32  
137.39  72.99  
126.96  72.81  
103.14  69.99  
91.23   54.43  
89.07   58.23  
99.45   62.39  
97.23   62.65  
105.55  60.55  
101.64  57.42  
92.70   56.60  
87.06   58.41  
82.70   54.24  
85.26   53.65  
85.79   58.94  
90.12   60.85  
86.17   68.01  
94.79   57.93  
92.66   57.72  
87.60   54.81  
78.44   49.85  
72.00   48.16  
69.66   39.73  
69.36   46.62  
71.35   49.26  
73.75   52.18  
82.32   68.82  
91.97   84.19  
106.91  70.73  
104.12  59.99  
105.57  64.56  
90.73   56.92  
82.31   62.89  
74.19   53.82  
79.44   50.41  
73.84   44.42  
71.78   44.91  
74.20   45.82  
74.83   48.94  
78.81   48.03  
78.08   49.04  
75.21   41.28  
61.52   32.41  
44.58   19.75  
15.08   15.15  
0.00    0.00   
# Capacity: 45
0.00    0.00   
0.00    0.00   
0.00    0.00   
60.30   41.87  
65.02   45.65  
67.41   51.05  
78.44   49.00  
81.24   53.45  
90.13   59.02  
101.15  78.53  
121.72  84.72  
131.81  94.90  
154.08  97.30  
157.60  103.64 
155.04  111.30 
169.03  104.66 
163.40  97.64  
163.69  96.83  
138.47  83.37  
148.82  85.89  
134.23  101.31 
134.47  110.51 
149.02  102.84 
153.45  109.95 
169.36  106.20 
171.60  116.86 
174.20  112.25 
178.72  113.33 
188.89  117.32 
173.69  133.89 
181.28  121.72 
174.01  111.63 
173.42  104.95 
162.50  88.09  
152.53  96.90  
158.12  91.45  
141.35  87.81  
138.08  87.45  
130.95  99.26  
136.07  98.53  
158.73  109.44 
168.16  121.23 
190.98  136.69 
212.09  155.64 
228.62  148.65 
238.95  150.79 
244.79  145.72 
230.43  132.19 
225.88  143.32 
235.38  138.32 
240.67  130.77 
234.81  145.94 
199.44  147.27 
186.70  107.90 
181.56  108.58 
177.65  105.95 
164.83  90.85  
148.56  81.20  
136.25  81.43  
124.49  61.92  
100.78  67.00  
86.49   57.45  
87.15   58.44  
92.42   58.01  
95.21   57.24  
99.02   60.88  
99.15   60.42  
91.23   55.78  
87.87   48.55  
83.76   54.31  
82.87   55.89  
85.43   61.98  
86.49   58.03  
90.36   64.57  
92.24   56.26  
93.11   57.23  
89.25   54.55  
81.86   49.86  
72.64   44.72  
71.25   41.61  
67.58   41.57  
65.89   45.65  
74.79   54.90  
79.01   67.13  
94.50   81.88  
103.26  63.69  
104.38  61.89  
103.78  62.65  
92.00   56.19  
84.87   62.44  
75.84   51.27  
79.87   50.55  
74.19   44.74  
72.62   46.94  
71.77   46.57  
76.10   46.18  
78.91   45.22  
78.74   45.89  
69.62   39.07  
61.86   31.82  
44.84   17.85  
14.67   15.25  
0.00    0.00   
# Capacity: 46
0.00    0.00   
0.00    0.00   
0.00    0.00   
57.82   41.60  
64.56   44.45  
69.67   44.97  
73.64   49.84  
77.19   58.93  
90.11   63.38  
96.32   74.81  
113.27  90.81  
133.33  103.89 
159.02  95.19  
154.17  102.06 
161.60  105.97 
166.39  97.65  
167.65  99.50  
155.93  96.15  
154.69  88.20  
149.30  87.29  
135.74  104.80 
137.25  114.78 
153.89  94.61  
156.72  111.19 
160.52  103.85 
169.08  110.57 
178.13  110.24 
176.93  104.78 
184.13  121.83 
177.50  139.66 
174.89  112.10 
168.74  103.04 
179.86  95.12  
171.21  93.26  
158.80  95.21  
155.46  87.83  
143.45  86.57  
143.44  92.70  
132.70  91.72  
135.01  100.45 
148.27  101.76 
177.09  121.70 
188.85  124.33 
216.70  144.37 
213.25  130.25 
232.71  149.80 
229.67  141.44 
229.75  136.48 
235.31  138.56 
227.40  139.03 
228.03  134.48 
222.53  144.11 
197.38  157.10 
187.81  111.12 
190.70  108.93 
182.12  102.75 
168.68  90.04  
143.82  83.30  
134.68  72.78  
126.71  63.45  
103.14  69.49  
88.87   59.57  
92.10   58.67  
96.59   58.19  
89.67   61.43  
100.82  60.18  
100.31  57.05  
95.81   55.03  
84.26   48.66  
82.86   52.26  
85.34   48.54  
81.13   57.58  
84.87   61.44  
82.14   59.51  
89.91   54.87  
90.78   52.42  
89.22   54.87  
80.13   48.68  
74.08   42.06  
71.67   40.48  
68.75   44.54  
67.19   46.12  
75.18   55.97  
88.97   64.43  
93.75   79.48  
102.73  67.61  
99.13   57.99  
103.88  62.30  
94.79   58.40  
79.37   62.29  
76.08   50.34  
78.97   43.34  
74.16   45.50  
69.95   43.74  
71.56   41.62  
77.48   46.55  
77.36   48.98  
78.14   47.28  
73.43   40.04  
60.96   26.40  
45.48   16.54  
15.22   15.52  
0.00    0.00   
# Capacity: 47
0.00    0.00   
0.00    0.00   
0.00    0.00   
55.68   40.18  
63.88   44.96  
66.32   47.81  
75.69   49.37  
74.66   54.67  
91.03   60.76  
93.55   73.38  
131.06  86.81  
136.16  102.58 
148.12  92.11  
162.00  102.17 
165.66  101.78 
162.05  98.15  
163.63  91.12  
159.47  91.13  
161.19  90.12  
149.79  87.81  
134.19  101.34 
132.11  104.08 
144.45  103.92 
148.67  97.57  
158.81  92.55  
171.03  100.18 
163.65  106.84 
189.09  104.70 
191.10  113.48 
170.88  136.26 
172.65  108.86 
178.66  106.65 
174.83  92.83  
168.35  92.23  
144.63  84.08  
150.38  89.98  
146.46  94.45  
141.58  82.73  
117.23  98.28  
135.20  83.31  
152.39  98.96  
149.24  103.58 
194.40  136.56 
207.12  156.59 
229.02  135.55 
221.27  136.19 
233.11  135.84 
235.11  131.03 
230.76  138.97 
234.46  128.92 
218.43  137.46 
216.59  141.30 
192.80  147.94 
187.38  107.54 
178.64  97.75  
175.73  95.86  
163.15  94.13  
147.11  85.19  
128.51  71.42  
129.01  59.42  
99.94   65.01  
88.28   52.68  
91.64   54.15  
89.53   58.28  
96.14   58.65  
99.96   56.69  
96.25   54.89  
93.13   52.25  
85.01   54.27  
82.69   48.17  
82.31   51.96  
83.13   53.24  
89.67   62.40  
86.57   64.02  
92.76   56.00  
92.74   54.40  
87.58   50.94  
76.52   51.00  
77.14   44.11  
68.99   42.24  
72.79   42.09  
65.60   46.77  
75.48   52.02  
85.94   64.65  
98.69   79.31  
102.67  65.68  
104.23  61.80  
101.76  57.03  
93.80   52.78  
82.42   60.37  
68.62   52.51  
77.43   45.35  
73.81   45.17  
72.12   42.04  
70.73   43.87  
69.51   51.36  
74.04   44.00  
74.11   47.02  
69.31   39.96  
61.49   29.84  
43.63   15.53  
15.28   15.08  
0.00    0.00   
# Capacity: 48
0.00    0.00   
0.00    0.00   
0.00    0.00   
60.81   39.69  
65.77   41.20  
71.17   46.14  
77.77   42.45  
78.66   53.64  
78.13   67.30  
101.60  67.22  
121.27  83.14  
132.88  94.03  
154.42  91.32  
166.33  86.79  
157.52  101.58 
165.15  107.47 
171.25  88.39  
159.59  86.77  
151.86  89.62  
150.97  81.68  
135.03  98.12  
131.51  103.87 
147.22  97.92  
165.79  99.46  
167.22  107.76 
166.08  104.90 
177.98  105.72 
179.85  104.82 
180.67  109.84 
171.96  129.20 
164.54  103.35 
178.71  96.62  
175.86  103.35 
164.88  92.64  
154.43  84.17  
146.84  80.90  
141.46  82.37  
148.05  87.84  
131.29  85.95  
145.89  86.97  
152.97  104.87 
174.99  106.85 
187.26  139.70 
194.32  142.52 
201.44  128.46 
248.18  148.42 
229.67  138.51 
244.74  142.37 
227.84  133.20 
221.05  129.99 
236.97  130.74 
228.66  127.59 
205.03  142.35 
177.82  103.90 
168.68  111.65 
178.28  99.87  
161.57  84.65  
139.90  78.25  
137.70  67.98  
123.44  59.07  
99.32   66.45  
87.84   49.59  
82.89   54.70  
93.09   59.48  
92.01   56.10  
95.48   62.89  
95.95   51.27  
88.33   52.81  
84.33   46.93  
82.48   47.63  
81.50   51.53  
81.21   57.30  
87.96   57.65  
89.16   66.23  
87.72   58.27  
91.99   50.19  
87.37   48.70  
84.25   45.66  
73.62   41.49  
70.58   44.22  
68.83   41.36  
64.38   49.51  
76.43   48.77  
88.39   66.31  
88.82   80.75  
103.52  63.39  
103.75  59.30  
100.06  58.75  
94.94   54.76  
77.43   55.97  
75.06   52.47  
78.02   43.88  
76.23   44.39  
73.93   42.65  
70.68   46.91  
71.74   48.00  
77.58   46.75  
78.10   43.90  
71.75   35.38  
63.10   27.20  
44.79   14.74  
14.78   15.56  
0.00    0.00   
# Capacity: 49
0.00    0.00   
0.00    0.00   
0.00    0.00   
59.15   41.02  
62.17   42.88  
65.98   44.14  
73.33   44.56  
77.86   51.92  
81.51   51.83  
105.41  70.15  
120.35  89.44  
132.76  104.07 
147.03  88.93  
153.27  89.03  
164.48  90.27  
173.05  98.10  
167.81  93.40  
173.81  91.35  
154.87  84.61  
136.93  84.66  
136.73  97.84  
133.27  97.71  
141.26  94.77  
157.00  101.37 
171.15  98.84  
177.21  104.70 
183.53  109.41 
184.15  107.58 
179.22  120.58 
181.43  125.44 
157.66  108.70 
169.39  102.83 
181.64  95.87  
163.02  91.83  
165.02  92.72  
148.98  84.15  
149.29  82.05  
136.67  84.96  
127.81  94.76  
146.97  92.74  
156.92  96.63  
171.98  108.81 
197.42  131.03 
210.04  135.03 
199.96  131.64 
234.11  130.35 
227.58  135.02 
226.28  131.06 
242.17  130.60 
217.24  123.25 
233.86  132.37 
223.21  125.11 
200.82  143.80 
190.41  101.86 
181.61  90.99  
178.82  89.20  
158.21  90.13  
151.67  81.06  
136.76  74.16  
127.15  58.35  
107.03  65.66  
88.38   54.14  
91.54   50.26  
93.03   60.22  
85.43   49.60  
96.71   60.40  
92.93   51.01  
95.44   51.40  
81.77   49.11  
86.51   48.95  
83.52   43.05  
85.32   57.80  
92.52   60.47  
88.10   60.37  
85.98   55.28  
89.20   51.26  
87.92   49.30  
86.33   47.00  
77.56   40.53  
72.35   40.46  
68.23   42.30  
70.99   44.83  
69.16   54.17  
83.83   64.55  
92.19   73.59  
98.51   63.79  
104.97  56.29  
101.71  55.70  
96.66   52.13  
77.92   61.04  
72.15   44.82  
81.61   45.04  
77.57   41.88  
72.12   44.79  
72.82   45.70  
70.48   43.97  
76.39   48.23  
78.45   43.19  
70.31   35.44  
61.99   22.28  
44.79   14.13  
15.64   15.34  
0.00    0.00   
# Capacity: 50
36.67   36.68  
50.86   49.49  
0.00    0.00   
0.00    0.00   
0.00    0.00   
0.00    0.00   
0.00    0.00   
0.00    0.00   
0.00    0.00   
0.00    0.00   
0.00    0.00   
0.00    0.00   
0.00    0.00   
0.00    0.00   
0.00    0.00   
0.00    0.00   
0.00    0.00   
0.00    0.00   
0.00    0.00   
0.00    0.00   
0.00    0.00   
0.00    0.00   
0.00    0.00   
0.00    0.00   
0.00    0.00   
0.00    0.00   
0.00    0.00   
0.00    0.00   
0.00    0.00   
0.00    0.00   
0.00    0.00   
0.00    0.00   
0.00    0.00   
0.00    0.00   
0.00    0.00   
0.00    0.00   
0.00    0.00   
0.00    0.00   
0.00    0.00   
0.00    0.00   
0.00    0.00   
0.00    0.00   
0.00    0.00   
0.00    0.00   
0.00    0.00   
0.00    0.00   
0.00    0.00   
0.00    0.00   
0.00    0.00   
0.00    0.00   
0.00    0.00   
0.00    0.00   
0.00    0.00   
0.00    0.00   
0.00    0.00   
0.00    0.00   
0.00    0.00   
0.00    0.00   
0.00    0.00   
0.00    0.00   
0.00    0.00   
0.00    0.00   
0.00    0.00   
0.00    0.00   
0.00    0.00   
0.00    0.00   
0.00    0.00   
0.00    0.00   
0.00    0.00   
0.00    0.00   
0.00    0.00   
0.00    0.00   
0.00    0.00   
0.00    0.00   
0.00    0.00   
0.00    0.00   
0.00    0.00   
0.00    0.00   
0.00    0.00   
0.00    0.00   
0.00    0.00   
0.00    0.00   
0.00    0.00   
0.00    0.00   
0.00    0.00   
0.00    0.00   
0.00    0.00   
0.00    0.00   
0.00    0.00   
0.00    0.00   
0.00    0.00   
0.00    0.00   
0.00    0.00   
0.00    0.00   
0.00    0.00   
0.00    0.00   
0.00    0.00   
0.00    0.00   
0.00    0.00   
0.00    0.00   
0.00    0.00   
0.00    0.00   
0.00    0.00   
# Capacity: 51
