
*********Average reward per thousand episodes******
1000:4907.424999999994
2000:4913.831
3000:4913.569
4000:4916.884000000006
5000:4913.200999999998
6000:4912.9769999999935
7000:4913.349999999997
8000:4909.852000000003
9000:4916.6439999999975
10000:4922.087999999995
11000:4912.933999999996
12000:4901.604000000005
13000:4909.755999999994
14000:4915.302000000001
15000:4913.715
16000:3812.4390000000053

********Average Distance per thousand episodes******
1000:4907.424999999994
2000:4913.831
3000:4913.569
4000:4916.884000000006
5000:4913.200999999998
6000:4912.9769999999935
7000:4913.349999999997
8000:4909.852000000003
9000:4916.6439999999975
10000:4922.087999999995
11000:4912.933999999996
12000:4901.604000000005
13000:4909.755999999994
14000:4915.302000000001
15000:4913.715
16000:3812.4390000000053
The Simulation explored: 1530092

The Q_Table: 
#Array shape: Capacity, Customer, Action (51, 103, 2)
0.00    0.00   
0.00    0.00   
0.00    0.00   
50.86   61.40  
64.74   67.18  
69.87   76.43  
73.27   75.35  
79.94   78.43  
83.91   86.89  
100.82  109.51 
122.89  124.89 
130.52  163.92 
152.90  159.29 
155.90  162.03 
166.70  172.23 
161.18  169.26 
165.47  174.86 
151.70  169.77 
153.27  144.85 
120.90  138.30 
143.36  131.16 
140.53  156.03 
153.15  165.59 
152.00  161.07 
161.14  171.49 
160.53  176.19 
161.75  176.41 
189.07  182.97 
181.51  187.48 
170.32  201.14 
171.73  183.69 
177.37  170.49 
178.00  164.83 
155.87  163.06 
155.40  155.32 
150.34  144.44 
145.15  132.48 
141.58  142.86 
128.74  150.23 
128.82  144.18 
149.79  149.39 
163.20  181.93 
193.85  200.85 
204.08  230.74 
227.85  227.85 
225.24  224.85 
227.15  243.38 
243.47  231.83 
233.49  225.73 
223.28  234.46 
229.92  222.37 
230.86  232.69 
201.31  232.65 
179.72  191.79 
184.31  175.69 
176.26  174.74 
153.91  157.42 
146.03  141.70 
137.19  137.52 
125.24  127.38 
104.95  87.97  
78.35   89.17  
87.86   98.01  
85.94   96.48  
88.57   95.37  
94.55   101.76 
103.65  100.82 
90.00   92.67  
89.73   89.16  
83.85   87.38  
79.89   84.45  
81.92   84.54  
85.25   91.43  
92.56   103.76 
90.29   94.60  
84.88   89.95  
87.95   90.96  
82.33   79.22  
69.41   75.30  
71.21   73.74  
63.55   68.06  
65.55   72.56  
76.49   73.95  
85.99   90.06  
91.09   113.34 
98.18   104.57 
92.70   108.10 
98.09   105.57 
96.26   84.14  
79.11   84.61  
71.13   79.86  
74.85   82.92  
72.69   71.07  
70.77   74.90  
71.78   69.00  
71.94   76.78  
82.29   82.13  
77.99   77.90  
69.23   73.91  
62.63   64.34  
43.32   43.80  
14.78   15.22  
0.00    0.00   
# Capacity: 1
0.00    0.00   
0.00    0.00   
61.65   62.84  
66.98   69.07  
72.11   74.83  
78.01   82.17  
85.47   90.91  
88.58   89.97  
101.45  99.71  
115.52  120.99 
135.18  141.25 
147.57  175.51 
170.01  169.45 
174.68  178.07 
181.02  190.29 
184.23  187.67 
182.79  182.06 
174.40  178.29 
164.44  166.76 
162.66  157.49 
153.44  152.94 
151.81  180.60 
162.81  173.23 
177.70  183.12 
184.15  192.25 
191.62  186.73 
190.43  199.83 
201.44  201.75 
203.65  209.00 
191.58  223.34 
193.03  200.25 
197.43  197.08 
186.35  191.39 
183.11  179.15 
174.80  169.11 
167.29  163.60 
158.18  159.21 
157.17  156.15 
149.62  162.52 
158.94  160.09 
172.05  180.34 
192.15  195.01 
214.89  216.78 
227.33  263.84 
246.12  247.75 
263.07  253.00 
263.20  267.50 
261.05  264.30 
258.76  243.73 
252.41  251.56 
258.90  246.24 
249.59  248.70 
215.39  254.09 
205.58  211.76 
202.84  201.63 
194.46  194.93 
177.55  180.02 
159.08  160.19 
145.22  148.42 
135.70  137.61 
110.79  110.63 
96.54   97.37  
98.82   106.45 
102.81  103.97 
104.03  108.72 
110.34  109.21 
107.71  111.27 
103.84  101.04 
97.21   97.67  
94.53   94.87  
91.25   91.36  
94.00   91.03  
96.89   102.34 
97.97   108.63 
100.07  103.30 
102.91  102.32 
99.07   101.36 
89.39   91.86  
81.93   84.10  
76.56   79.81  
76.58   77.10  
75.17   79.29  
84.70   86.30  
97.02   99.38  
102.66  126.26 
108.13  122.65 
117.44  115.39 
110.43  109.46 
103.79  105.31 
88.55   97.40  
85.46   88.02  
87.81   90.13  
83.79   83.36  
78.82   80.30  
79.03   78.91  
79.73   82.90  
84.73   88.68  
81.26   86.83  
78.60   81.05  
65.94   67.42  
46.69   46.76  
15.99   15.98  
0.00    0.00   
# Capacity: 2
0.00    0.00   
0.00    0.00   
60.06   62.55  
66.24   67.75  
73.03   75.29  
79.58   80.48  
84.90   86.04  
90.49   90.17  
98.69   99.47  
114.37  117.65 
136.14  141.12 
154.64  175.80 
165.85  168.15 
173.84  175.59 
185.47  186.64 
186.82  187.27 
182.69  183.20 
173.99  177.62 
170.31  159.81 
160.48  160.97 
153.56  155.18 
151.36  181.57 
168.45  171.13 
178.28  176.11 
182.95  192.07 
188.64  187.24 
189.58  192.78 
199.23  202.46 
203.01  200.17 
188.35  218.15 
192.23  194.62 
191.34  197.36 
188.48  184.33 
182.54  178.80 
171.56  168.33 
167.62  162.39 
160.46  158.44 
155.47  160.25 
149.51  156.32 
156.66  163.11 
170.05  175.44 
191.74  197.42 
213.29  214.40 
228.63  259.48 
250.54  254.99 
261.68  261.58 
257.54  264.85 
263.31  257.16 
252.32  255.45 
253.42  258.82 
254.41  251.41 
246.24  252.66 
219.21  251.57 
205.56  210.64 
199.26  200.10 
196.31  192.21 
175.57  180.31 
160.97  158.11 
147.92  150.60 
138.50  138.25 
112.01  110.81 
97.91   97.47  
99.08   103.01 
102.18  104.63 
104.94  107.99 
110.06  108.06 
104.64  110.49 
103.44  99.86  
95.62   96.78  
92.76   91.08  
90.94   93.30  
93.15   95.97  
96.27   101.64 
97.12   109.62 
102.17  103.07 
100.10  102.96 
95.80   98.45  
88.74   88.24  
81.42   80.74  
79.43   77.84  
77.24   75.92  
75.57   77.85  
83.93   82.64  
96.04   100.78 
104.53  129.77 
113.47  122.37 
115.52  115.09 
112.21  110.40 
101.13  103.47 
88.38   96.28  
84.27   88.99  
85.40   88.29  
83.51   83.39  
80.25   79.36  
81.34   78.61  
82.37   82.60  
85.35   87.25  
82.78   83.69  
75.65   78.66  
66.18   66.29  
46.90   46.75  
15.98   15.97  
0.00    0.00   
# Capacity: 3
0.00    0.00   
0.00    0.00   
59.72   61.30  
65.73   68.49  
73.25   72.86  
78.57   81.27  
83.90   84.10  
92.68   87.93  
98.93   98.56  
115.44  113.17 
135.85  137.58 
152.42  174.14 
166.86  168.77 
178.89  176.93 
181.38  186.75 
182.56  186.86 
181.22  184.61 
175.99  175.60 
167.82  161.98 
162.07  156.68 
150.09  153.64 
154.00  177.83 
168.01  173.20 
177.21  181.13 
185.39  189.91 
188.07  184.50 
192.69  196.00 
199.31  197.81 
196.33  203.18 
186.96  219.42 
189.98  198.75 
192.64  201.81 
191.14  188.85 
182.33  173.64 
174.17  170.99 
166.50  163.80 
160.22  158.42 
158.20  156.89 
151.00  163.60 
152.57  163.48 
177.07  173.41 
191.69  193.98 
213.93  216.93 
227.28  254.91 
247.80  237.53 
257.51  252.52 
255.84  266.40 
257.51  263.44 
254.42  244.49 
255.59  247.02 
249.67  248.45 
249.22  252.88 
209.80  246.55 
206.74  201.99 
205.40  199.98 
196.80  194.55 
177.26  175.91 
159.67  155.58 
146.64  146.43 
136.77  136.79 
110.53  109.93 
99.95   97.60  
99.91   102.53 
103.66  100.60 
107.51  106.53 
107.86  108.75 
107.69  110.19 
105.29  101.64 
98.49   96.43  
94.75   90.76  
92.37   90.61  
95.09   92.85  
97.87   99.78  
99.29   110.24 
97.09   101.84 
99.64   98.60  
97.55   100.03 
89.19   88.62  
81.10   82.08  
76.96   78.04  
76.99   78.65  
74.66   78.46  
84.18   82.45  
95.38   100.19 
102.53  124.92 
113.93  118.55 
117.15  114.47 
110.46  112.27 
104.29  102.29 
91.05   96.92  
85.10   89.39  
87.56   88.37  
85.03   81.06  
80.71   77.20  
79.85   76.18  
80.60   82.05  
85.15   86.24  
84.58   84.32  
76.85   77.68  
65.98   67.00  
46.80   46.70  
15.99   15.98  
0.00    0.00   
# Capacity: 4
0.00    0.00   
0.00    0.00   
61.36   62.85  
66.88   69.29  
73.37   74.18  
76.01   78.99  
84.04   85.98  
91.96   86.86  
100.95  100.00 
116.03  114.81 
134.80  134.80 
148.17  170.55 
172.65  170.90 
175.66  170.78 
180.14  185.25 
187.57  185.34 
185.04  184.09 
176.29  181.05 
167.51  159.23 
162.16  162.07 
152.69  155.13 
153.29  175.19 
172.88  169.65 
178.35  179.38 
180.07  185.62 
186.24  183.60 
190.84  194.56 
198.19  194.98 
201.93  202.36 
195.11  209.82 
194.42  195.63 
184.31  196.81 
190.48  190.46 
178.95  176.78 
172.90  167.16 
167.46  160.62 
160.28  159.59 
155.89  154.97 
150.62  153.55 
161.24  162.35 
174.45  174.48 
189.55  194.88 
216.16  216.75 
227.07  254.07 
237.71  234.54 
254.26  251.13 
260.09  261.83 
260.22  250.95 
255.53  249.75 
251.55  246.25 
251.29  243.58 
246.90  245.16 
216.13  246.47 
210.23  207.18 
204.57  199.43 
192.58  192.68 
174.19  179.58 
158.35  155.96 
148.96  143.97 
138.13  137.74 
112.46  109.12 
97.55   95.24  
99.35   101.47 
102.73  100.74 
104.61  108.50 
107.37  106.72 
107.11  109.01 
103.96  98.31  
98.96   98.17  
94.50   91.72  
93.38   90.51  
92.86   93.36  
98.97   100.33 
98.70   108.49 
101.93  100.54 
100.88  102.54 
98.23   99.48  
88.17   88.47  
81.84   81.39  
79.38   76.11  
77.72   77.21  
76.57   75.31  
84.43   82.74  
97.04   101.97 
104.27  123.59 
112.88  114.41 
115.95  112.90 
112.24  111.07 
104.89  102.07 
87.96   92.64  
88.07   87.66  
85.56   85.99  
85.04   83.46  
78.98   78.81  
80.08   76.57  
81.03   81.11  
82.93   84.06  
84.11   83.87  
78.21   78.43  
63.75   66.88  
46.80   46.75  
15.94   15.99  
0.00    0.00   
# Capacity: 5
0.00    0.00   
0.00    0.00   
62.16   61.38  
66.18   67.58  
70.63   74.30  
78.41   81.14  
83.85   85.18  
89.70   90.57  
99.89   98.33  
117.48  112.71 
133.32  137.23 
149.04  170.59 
172.41  162.80 
176.26  171.65 
178.08  182.86 
186.97  181.24 
183.43  182.88 
180.89  173.34 
166.26  158.85 
161.33  159.90 
151.59  149.02 
154.28  177.35 
172.37  172.75 
175.38  170.09 
182.11  190.80 
189.18  184.14 
192.31  192.41 
200.03  195.67 
205.11  201.82 
187.31  209.18 
193.89  191.48 
190.36  196.08 
190.96  187.43 
182.14  174.05 
171.90  169.57 
163.99  159.31 
162.82  155.65 
157.14  155.10 
150.49  150.45 
155.50  156.54 
176.74  167.72 
191.38  193.66 
213.99  210.60 
227.10  244.48 
247.90  246.96 
258.35  250.15 
256.03  255.26 
256.89  251.68 
257.55  249.02 
246.65  242.66 
249.08  245.60 
248.51  249.17 
215.00  248.30 
204.52  204.62 
203.54  196.30 
195.69  188.88 
179.12  173.13 
162.21  151.95 
148.42  143.42 
137.22  132.06 
111.10  111.13 
98.36   93.43  
101.80  102.54 
103.16  100.56 
103.46  106.58 
106.53  109.48 
105.95  105.49 
102.42  99.33  
96.15   95.43  
94.95   92.68  
92.30   89.22  
96.21   91.98  
98.22   99.18  
100.26  106.02 
100.18  103.64 
101.41  100.72 
99.79   98.05  
89.29   87.13  
83.45   80.37  
77.12   74.70  
77.39   75.53  
77.95   74.36  
85.67   78.93  
98.63   97.93  
99.70   125.63 
114.10  119.18 
117.68  110.12 
111.28  110.96 
103.86  103.24 
89.73   94.14  
85.23   88.87  
85.44   86.07  
84.78   81.15  
79.76   78.41  
78.58   73.89  
82.94   80.80  
84.08   84.01  
82.29   81.48  
79.06   78.39  
65.47   64.18  
46.79   46.77  
15.99   15.99  
0.00    0.00   
# Capacity: 6
0.00    0.00   
0.00    0.00   
60.32   60.31  
66.59   64.76  
72.71   73.05  
79.16   79.67  
84.89   84.56  
92.82   88.91  
99.34   96.92  
112.78  115.55 
137.02  137.73 
147.15  163.65 
169.07  162.26 
176.60  174.35 
181.80  185.85 
186.40  184.00 
182.41  181.59 
180.40  177.05 
170.16  159.34 
161.14  152.93 
152.38  153.00 
145.18  170.11 
170.37  164.55 
177.36  179.09 
184.39  188.95 
190.79  187.91 
190.50  189.55 
204.26  188.22 
205.33  198.80 
188.93  211.92 
187.31  183.42 
191.17  190.63 
194.04  187.44 
183.22  172.42 
174.38  162.48 
164.90  161.35 
160.22  155.89 
157.87  156.72 
148.25  149.66 
159.79  155.15 
176.60  165.97 
189.41  189.68 
214.24  214.25 
224.31  255.26 
243.19  238.91 
262.07  249.00 
258.10  259.89 
261.45  258.00 
257.97  243.81 
252.58  239.24 
249.95  234.49 
247.76  241.88 
222.52  248.56 
203.23  198.24 
200.63  197.30 
191.98  187.39 
177.00  171.91 
157.50  154.95 
150.46  141.79 
136.60  136.01 
110.14  107.75 
101.93  94.25  
99.84   99.86  
106.28  100.02 
106.52  103.19 
106.96  108.14 
104.96  108.64 
103.63  100.14 
98.37   97.00  
93.75   90.20  
90.30   87.50  
92.59   89.34  
96.62   99.40  
100.30  106.22 
99.30   97.97  
102.66  99.38  
98.84   97.83  
90.43   87.72  
79.62   81.71  
78.08   73.74  
77.19   73.77  
76.56   74.89  
83.90   81.24  
98.39   98.54  
104.20  122.96 
112.71  114.07 
118.36  111.54 
110.70  107.79 
102.66  101.86 
89.13   92.27  
84.50   88.61  
87.49   88.19  
84.56   80.94  
79.29   77.08  
79.53   76.23  
80.67   78.88  
85.42   86.93  
84.18   80.40  
76.72   75.99  
64.37   66.21  
46.86   46.65  
15.98   15.97  
0.00    0.00   
# Capacity: 7
0.00    0.00   
0.00    0.00   
61.15   60.84  
65.36   64.36  
70.38   74.39  
78.68   77.95  
85.46   81.43  
89.72   86.96  
99.49   96.97  
116.28  113.13 
134.04  133.43 
151.59  168.16 
170.93  162.41 
174.46  172.92 
180.00  177.59 
181.68  180.02 
178.54  178.48 
179.48  176.48 
165.75  160.80 
163.01  157.03 
152.46  145.83 
147.33  173.84 
168.63  168.94 
174.60  174.61 
184.31  186.43 
188.57  182.70 
191.52  188.59 
198.17  193.10 
203.91  199.17 
191.54  212.01 
192.49  190.82 
191.23  190.57 
187.60  186.19 
181.22  172.04 
172.10  165.59 
165.06  156.37 
163.70  153.77 
157.92  152.33 
150.72  153.00 
159.41  154.09 
169.25  168.98 
189.32  185.82 
216.96  209.15 
226.82  246.52 
249.69  236.22 
262.23  245.68 
259.28  258.82 
251.20  248.23 
256.60  241.89 
249.42  229.22 
253.72  236.49 
246.80  246.43 
211.91  246.24 
210.69  196.02 
205.13  191.81 
196.56  187.53 
176.13  175.40 
160.35  152.76 
144.33  145.41 
135.45  131.78 
112.43  107.22 
96.92   94.92  
101.91  99.71  
102.88  96.87  
105.39  104.53 
107.99  102.91 
104.79  109.13 
105.35  96.57  
97.24   93.46  
91.33   89.58  
93.20   89.35  
94.35   90.78  
95.24   99.59  
98.43   103.04 
102.98  99.86  
102.64  99.40  
97.31   98.32  
88.29   85.61  
81.94   77.72  
77.84   73.67  
77.53   73.14  
76.81   74.39  
83.86   82.20  
96.47   98.53  
104.33  126.93 
110.75  113.59 
119.57  110.25 
111.67  107.62 
105.15  100.08 
87.30   93.22  
83.47   83.72  
87.01   86.14  
86.30   80.24  
80.91   75.20  
80.19   75.10  
81.05   81.27  
84.49   82.41  
83.95   81.64  
78.19   76.39  
67.01   64.85  
46.88   46.63  
15.97   15.99  
0.00    0.00   
# Capacity: 8
0.00    0.00   
0.00    0.00   
59.92   60.15  
65.69   63.69  
73.04   71.89  
76.03   78.82  
85.70   84.38  
88.79   85.84  
98.15   95.46  
115.05  115.59 
136.87  135.41 
152.36  165.48 
169.24  159.99 
176.61  172.29 
176.71  177.83 
181.03  173.17 
179.59  176.80 
172.79  167.71 
168.10  157.87 
160.35  156.14 
152.39  150.54 
151.85  166.91 
166.95  166.69 
177.48  173.60 
184.09  183.12 
189.60  181.88 
193.35  183.37 
201.18  191.12 
202.62  197.31 
195.32  203.85 
193.79  189.51 
190.56  188.34 
190.82  179.98 
181.31  173.69 
174.99  164.78 
169.56  157.16 
160.59  153.58 
154.68  151.92 
148.42  151.54 
155.29  150.28 
172.44  169.47 
192.45  189.55 
214.59  209.27 
220.12  244.17 
248.27  242.48 
254.52  243.74 
258.77  247.66 
265.43  247.22 
258.02  239.32 
249.03  228.44 
252.93  235.95 
247.10  237.91 
212.48  237.43 
207.10  197.35 
206.06  186.92 
198.11  182.29 
173.05  173.82 
160.62  152.12 
148.09  138.70 
137.59  131.45 
110.80  109.18 
102.47  93.97  
101.32  99.64  
103.58  97.19  
106.19  103.90 
109.38  102.71 
108.24  105.44 
104.41  94.95  
96.14   95.91  
92.76   89.36  
92.58   88.28  
93.84   89.70  
97.76   97.89  
96.29   102.91 
100.97  97.16  
101.96  98.82  
95.86   96.33  
88.40   85.83  
82.92   78.94  
78.09   71.48  
77.31   74.62  
75.83   73.30  
83.67   82.38  
97.59   98.94  
103.90  121.51 
114.14  112.94 
113.43  109.93 
109.48  106.66 
104.82  99.05  
88.86   92.02  
81.70   87.44  
86.84   87.30  
83.40   79.23  
78.62   76.07  
80.39   76.27  
81.97   78.16  
83.99   81.72  
85.56   81.00  
77.42   75.43  
64.67   63.85  
46.87   46.61  
15.99   15.95  
0.00    0.00   
# Capacity: 9
0.00    0.00   
0.00    0.00   
60.96   59.71  
67.84   66.54  
70.73   70.78  
78.47   77.39  
85.44   81.71  
91.24   87.83  
100.11  94.05  
114.35  112.53 
137.80  137.09 
148.06  161.94 
168.38  162.74 
177.82  162.87 
179.04  178.68 
180.64  173.05 
185.92  172.62 
176.07  168.14 
169.61  157.32 
160.38  154.71 
153.25  148.18 
150.73  166.03 
172.44  159.11 
179.38  172.14 
181.84  176.16 
190.91  181.54 
188.79  185.27 
197.72  187.33 
202.43  196.02 
186.49  207.82 
192.95  185.84 
193.00  185.88 
191.01  174.29 
182.53  164.73 
173.09  159.30 
158.96  152.28 
163.53  152.56 
156.86  148.98 
148.04  153.80 
159.73  152.86 
169.40  163.13 
191.98  182.82 
215.15  205.70 
221.62  236.64 
247.52  235.51 
260.51  238.23 
258.24  253.25 
257.75  250.68 
259.30  241.66 
240.81  232.20 
254.20  232.04 
247.85  239.52 
216.44  235.95 
211.55  191.65 
204.27  191.74 
192.30  183.87 
179.02  164.37 
160.29  149.79 
149.09  143.05 
138.44  134.38 
113.58  106.85 
101.17  94.03  
100.58  98.04  
103.14  98.51  
104.90  102.39 
110.67  101.86 
106.66  105.15 
103.93  97.95  
98.23   91.07  
92.98   86.60  
94.04   86.93  
91.77   86.64  
97.89   97.93  
97.85   102.14 
100.52  98.09  
102.50  95.80  
97.61   95.33  
85.70   85.47  
83.33   78.22  
77.44   73.94  
76.00   73.91  
75.52   73.35  
87.01   78.92  
98.34   97.08  
104.42  115.27 
112.28  112.70 
117.13  108.89 
108.52  106.76 
102.68  99.59  
87.22   92.23  
85.28   84.80  
87.53   83.48  
82.26   79.66  
79.06   76.58  
79.99   78.84  
80.94   75.86  
82.61   79.84  
82.27   79.58  
78.42   74.60  
67.80   62.84  
46.86   46.70  
15.98   15.96  
0.00    0.00   
# Capacity: 10
0.00    0.00   
0.00    0.00   
59.77   55.30  
66.77   65.16  
70.42   71.65  
78.39   76.52  
85.55   79.46  
90.03   87.62  
98.60   93.97  
115.12  112.06 
136.73  128.48 
152.35  168.18 
170.18  155.49 
176.48  163.43 
175.08  173.66 
183.92  171.07 
185.19  175.11 
175.84  166.83 
169.93  154.90 
160.16  152.28 
155.51  152.01 
149.68  164.67 
166.76  161.18 
178.75  174.86 
186.13  180.44 
193.85  173.61 
192.21  181.52 
199.42  185.49 
203.71  192.07 
193.31  209.72 
190.74  183.18 
190.27  186.84 
186.87  181.38 
182.35  170.18 
175.46  160.23 
167.68  153.12 
161.09  150.58 
157.43  145.49 
148.51  148.60 
156.87  147.97 
173.29  160.94 
189.51  182.44 
215.68  198.85 
229.44  245.01 
244.01  240.34 
252.04  245.07 
265.06  250.65 
262.97  240.93 
263.88  230.27 
246.61  231.95 
259.06  229.53 
246.43  235.08 
220.04  241.86 
206.85  191.01 
199.70  186.92 
191.41  178.50 
180.11  167.33 
159.78  145.66 
149.84  136.68 
134.40  132.17 
113.36  102.35 
96.79   90.49  
101.09  96.75  
100.87  95.86  
105.10  102.02 
107.61  101.54 
104.04  105.97 
103.56  95.64  
96.91   93.03  
92.07   89.32  
91.45   85.84  
93.27   89.05  
98.26   96.80  
96.60   99.96  
102.43  95.70  
100.63  97.10  
98.47   92.22  
91.90   82.61  
82.21   78.28  
79.49   72.19  
74.18   72.94  
77.60   75.37  
85.06   79.87  
95.93   95.32  
102.99  118.23 
110.83  112.17 
116.48  111.15 
110.27  105.77 
102.45  95.90  
89.76   93.35  
86.49   82.23  
86.32   81.86  
84.39   79.36  
81.92   73.68  
78.94   71.47  
81.24   78.14  
84.14   78.69  
81.98   79.08  
79.39   73.14  
64.62   60.97  
46.86   46.20  
15.98   15.98  
0.00    0.00   
# Capacity: 11
0.00    0.00   
0.00    0.00   
61.31   57.14  
66.23   62.54  
71.78   68.70  
79.31   76.19  
85.32   80.44  
92.47   80.18  
100.17  93.58  
114.10  106.53 
134.55  132.14 
151.44  162.38 
172.60  157.80 
176.20  160.43 
183.52  173.00 
189.53  177.49 
181.40  170.96 
171.53  167.45 
166.62  161.51 
160.86  150.56 
151.99  147.22 
151.26  159.26 
165.82  157.74 
177.42  168.31 
185.17  177.93 
189.32  177.88 
189.45  177.78 
199.61  177.32 
205.78  195.35 
190.34  206.31 
193.32  184.87 
195.89  183.83 
189.32  180.75 
182.73  165.16 
169.41  158.05 
166.86  154.72 
160.13  145.10 
155.17  146.98 
147.25  148.33 
158.37  148.81 
176.82  159.64 
195.28  180.06 
213.89  199.56 
224.76  233.89 
250.17  231.80 
254.47  236.27 
262.74  243.81 
259.33  242.75 
257.73  242.00 
250.47  221.55 
251.96  225.07 
248.75  232.33 
215.37  241.50 
208.51  189.55 
207.13  187.57 
192.99  178.23 
177.37  161.88 
159.05  146.10 
148.94  135.56 
136.18  127.64 
113.81  102.99 
98.83   91.52  
99.71   93.75  
105.49  94.14  
104.61  99.82  
108.53  100.58 
105.50  103.43 
102.34  93.88  
95.62   92.90  
92.66   87.29  
92.72   86.44  
94.14   87.71  
97.27   95.06  
98.89   101.95 
99.58   92.64  
98.53   93.11  
99.93   93.83  
91.29   82.02  
81.34   74.30  
77.05   73.34  
75.97   71.09  
78.66   71.60  
83.97   75.54  
99.02   95.82  
101.12  114.14 
113.52  111.13 
120.20  110.03 
112.15  102.73 
103.66  96.14  
89.63   89.75  
86.21   82.04  
85.51   84.59  
83.07   77.36  
79.74   75.07  
79.62   74.26  
80.97   76.42  
84.89   77.47  
81.94   79.81  
77.82   70.11  
65.49   62.62  
46.87   42.04  
15.98   15.99  
0.00    0.00   
# Capacity: 12
0.00    0.00   
0.00    0.00   
60.85   57.09  
66.64   64.90  
73.43   69.67  
77.86   74.64  
84.57   82.47  
91.09   82.30  
100.31  94.95  
117.32  109.95 
135.47  124.18 
151.04  160.99 
167.49  155.45 
175.32  162.37 
181.70  174.62 
181.94  173.99 
182.25  172.68 
176.67  157.74 
162.93  154.01 
162.24  149.22 
153.44  142.02 
149.84  166.08 
170.32  157.30 
174.19  164.51 
184.73  170.04 
186.87  170.89 
196.73  178.11 
194.87  173.77 
202.92  192.64 
195.29  201.71 
191.50  182.33 
196.40  180.31 
187.07  173.80 
178.83  164.41 
170.16  152.98 
166.01  149.66 
161.62  144.37 
155.84  142.02 
146.74  149.49 
159.30  146.39 
173.15  160.96 
187.03  173.31 
216.50  203.69 
232.70  240.35 
252.10  227.38 
256.86  236.46 
264.24  246.51 
258.95  242.54 
260.54  227.20 
252.93  224.28 
252.21  219.17 
246.17  225.48 
214.92  237.62 
204.78  183.73 
201.36  182.71 
191.41  178.48 
177.95  165.46 
160.87  142.11 
149.35  134.08 
134.81  126.92 
113.52  103.38 
97.91   91.19  
102.17  95.87  
106.37  93.16  
103.83  99.21  
110.98  100.27 
105.04  97.64  
101.71  92.88  
97.92   90.13  
94.72   87.27  
93.63   87.43  
93.21   87.27  
97.89   95.09  
99.31   99.48  
102.22  90.88  
100.97  94.99  
95.94   90.57  
89.97   82.33  
81.80   76.15  
76.94   70.82  
79.24   71.24  
78.84   72.54  
84.43   78.16  
96.96   92.65  
102.26  114.53 
113.26  107.97 
116.10  109.12 
109.89  101.26 
102.31  96.35  
87.62   87.01  
87.00   79.18  
87.91   83.53  
85.42   77.77  
79.85   69.99  
79.85   70.54  
81.98   74.33  
82.63   77.93  
83.50   74.63  
78.53   73.25  
66.52   60.42  
46.86   45.14  
15.98   15.99  
0.00    0.00   
# Capacity: 13
0.00    0.00   
0.00    0.00   
60.43   53.66  
64.82   62.53  
71.97   71.07  
77.55   75.50  
85.44   78.00  
89.84   83.18  
98.71   89.64  
113.57  108.89 
135.93  128.09 
151.26  162.23 
170.74  154.47 
177.35  162.55 
182.01  169.89 
184.93  170.47 
182.56  163.72 
179.23  162.62 
168.95  150.34 
161.04  147.48 
153.10  143.01 
151.19  163.50 
168.57  156.37 
183.81  167.26 
185.10  168.10 
187.80  169.88 
190.17  179.40 
197.62  182.67 
203.22  186.78 
182.98  202.46 
194.99  178.17 
188.20  170.87 
189.47  167.66 
183.44  162.53 
171.34  151.00 
165.07  149.83 
159.35  144.63 
154.89  140.75 
152.40  150.04 
151.31  135.99 
174.97  160.32 
193.35  177.93 
216.52  195.17 
221.83  228.37 
248.63  218.55 
259.65  235.63 
264.75  238.73 
260.75  234.89 
254.37  234.81 
254.03  224.92 
249.21  224.37 
248.39  222.53 
214.25  236.77 
204.09  185.03 
204.10  184.64 
196.53  175.54 
176.77  164.80 
158.01  137.80 
148.49  133.56 
138.13  126.33 
112.68  105.11 
99.24   90.70  
102.24  92.84  
103.41  95.26  
105.37  93.33  
109.06  98.02  
105.46  101.84 
104.12  88.76  
100.47  88.68  
93.77   83.81  
94.00   87.56  
92.78   88.01  
96.74   93.68  
99.91   98.86  
100.23  93.22  
99.98   88.60  
96.95   91.75  
91.88   82.54  
82.84   75.15  
79.48   70.45  
76.05   72.27  
78.03   74.03  
84.28   77.20  
97.24   94.61  
105.45  116.60 
113.95  108.30 
118.89  102.03 
112.82  100.61 
102.61  93.54  
87.82   86.10  
85.96   81.93  
86.01   78.56  
85.03   75.45  
79.76   74.14  
79.91   72.43  
81.42   76.65  
82.79   77.78  
81.63   75.06  
77.86   71.80  
66.22   56.85  
46.72   44.10  
15.99   15.99  
0.00    0.00   
# Capacity: 14
0.00    0.00   
0.00    0.00   
60.55   56.93  
65.82   62.94  
71.80   68.02  
77.40   72.86  
85.34   77.08  
90.04   82.45  
100.92  92.59  
116.44  107.18 
135.04  130.62 
147.44  152.91 
167.29  152.03 
172.19  160.76 
179.48  170.65 
183.84  173.20 
186.16  169.54 
177.72  159.74 
169.10  150.87 
158.86  145.20 
152.53  142.89 
156.19  166.33 
168.96  156.22 
177.35  163.23 
182.61  170.94 
190.33  170.07 
195.12  180.11 
198.31  181.66 
197.55  187.40 
192.63  195.72 
194.18  174.46 
193.32  168.73 
190.12  171.49 
181.04  158.70 
169.89  150.61 
162.46  148.31 
164.44  145.59 
155.38  143.84 
146.29  145.17 
160.92  145.40 
171.27  159.06 
191.56  172.10 
208.22  194.28 
228.56  229.74 
249.56  220.24 
257.43  225.55 
257.75  237.98 
263.42  235.09 
259.52  216.41 
250.28  223.07 
250.62  225.90 
244.83  224.23 
220.24  222.81 
207.65  188.62 
200.49  183.59 
194.96  179.75 
173.97  154.83 
160.01  145.22 
147.50  134.57 
137.55  123.09 
112.07  103.64 
96.19   88.35  
99.30   93.43  
102.39  94.21  
105.02  97.49  
108.89  93.81  
105.12  96.77  
103.88  91.37  
98.42   86.94  
92.25   84.92  
93.91   83.96  
94.32   84.95  
97.42   92.95  
99.70   96.76  
98.36   94.83  
99.97   92.88  
96.36   89.70  
89.26   77.23  
78.14   73.68  
79.93   71.75  
75.03   69.93  
75.36   72.27  
84.83   78.14  
96.95   94.97  
105.03  113.62 
110.52  111.85 
118.11  105.72 
108.96  102.06 
103.73  95.24  
88.63   86.97  
85.22   78.16  
86.75   81.55  
84.26   78.05  
79.55   70.93  
79.76   70.27  
83.28   75.45  
84.42   78.02  
84.47   75.80  
76.97   71.19  
65.12   57.44  
46.73   42.35  
15.98   15.98  
0.00    0.00   
# Capacity: 15
0.00    0.00   
0.00    0.00   
61.33   55.39  
65.62   63.08  
73.01   67.50  
75.51   71.23  
86.31   79.23  
91.96   82.34  
99.42   89.47  
114.74  110.13 
136.51  128.16 
150.84  158.70 
167.71  151.50 
180.97  155.91 
177.34  164.22 
182.82  169.43 
180.50  163.78 
176.28  159.36 
168.55  140.01 
160.94  142.77 
154.86  142.86 
150.95  160.43 
170.49  152.22 
177.75  165.25 
183.34  167.84 
184.76  173.22 
193.69  173.47 
203.17  177.23 
207.37  187.48 
192.70  197.21 
193.27  171.67 
191.28  170.16 
194.23  169.40 
179.49  158.17 
175.28  145.76 
164.26  145.31 
165.25  146.46 
153.75  140.44 
148.65  141.86 
156.36  149.56 
176.12  160.17 
188.56  176.56 
214.48  202.61 
225.22  234.51 
248.33  222.41 
257.62  227.94 
261.95  248.12 
261.63  229.49 
258.49  225.26 
257.00  220.18 
247.04  225.70 
245.60  234.35 
216.22  231.70 
208.71  183.20 
202.93  165.69 
194.12  174.71 
179.73  161.71 
162.22  142.07 
149.30  126.78 
138.19  113.81 
112.24  99.83  
95.65   87.58  
99.65   94.11  
103.26  92.29  
105.43  94.69  
107.77  98.13  
108.17  89.01  
102.15  89.61  
97.33   89.50  
95.74   82.44  
91.80   82.63  
94.24   86.78  
96.01   88.61  
96.85   100.54 
100.13  94.94  
100.94  89.78  
96.81   84.75  
91.49   81.74  
81.43   72.74  
76.86   69.94  
75.47   68.96  
76.38   70.60  
83.85   76.45  
97.25   94.77  
102.54  113.64 
111.67  105.72 
115.80  101.35 
110.58  96.90  
102.93  94.68  
89.73   86.70  
84.49   76.67  
87.97   76.41  
84.51   73.90  
80.25   70.34  
80.24   69.38  
82.80   74.73  
83.79   79.91  
82.98   73.79  
76.74   68.80  
64.65   57.18  
46.77   40.57  
15.96   15.99  
0.00    0.00   
# Capacity: 16
0.00    0.00   
0.00    0.00   
62.22   55.21  
65.68   62.68  
72.25   68.15  
77.66   72.53  
84.55   75.28  
89.85   82.22  
102.23  91.65  
117.21  103.69 
136.36  125.74 
148.89  149.31 
169.79  147.14 
171.53  159.07 
177.28  168.54 
185.67  164.03 
183.86  161.95 
178.57  154.09 
168.62  143.40 
157.78  142.77 
153.89  141.52 
151.17  163.04 
167.52  154.19 
176.15  160.76 
187.07  161.14 
190.25  162.97 
190.78  173.95 
197.66  180.17 
205.46  188.63 
188.91  196.14 
195.91  173.69 
194.39  170.68 
190.68  166.54 
185.68  158.39 
169.96  148.32 
167.58  142.69 
161.98  134.01 
155.84  133.38 
148.30  137.17 
153.57  142.46 
171.39  158.97 
193.71  170.83 
215.41  190.91 
224.06  232.77 
250.49  219.27 
260.05  223.54 
254.80  228.50 
262.78  227.32 
261.63  226.58 
253.64  221.74 
249.59  215.32 
247.27  225.16 
214.36  225.88 
205.38  177.30 
204.83  173.24 
192.76  175.02 
180.68  160.97 
157.65  139.88 
149.09  126.07 
136.42  116.13 
113.07  99.22  
98.09   87.21  
99.39   87.74  
102.55  92.43  
103.91  95.91  
108.61  97.97  
108.66  93.25  
103.64  88.35  
97.42   81.00  
93.55   83.57  
92.78   83.03  
94.32   83.41  
98.20   90.87  
98.53   94.43  
103.22  88.89  
101.44  88.49  
95.35   85.36  
89.52   81.82  
83.73   73.02  
76.29   69.10  
77.17   64.75  
75.20   68.58  
85.44   76.22  
95.68   91.57  
105.99  116.07 
112.97  105.44 
114.08  101.38 
109.84  94.54  
104.60  95.44  
88.32   86.96  
84.74   79.36  
87.49   77.48  
82.63   71.64  
81.12   69.19  
78.00   70.61  
84.63   75.87  
81.86   75.25  
81.88   75.83  
75.45   67.40  
67.56   55.38  
46.84   42.07  
15.99   15.98  
0.00    0.00   
# Capacity: 17
0.00    0.00   
0.00    0.00   
61.70   55.71  
66.52   61.02  
72.17   67.17  
77.23   71.57  
84.20   78.47  
89.03   76.20  
99.59   90.11  
113.00  105.35 
136.40  125.49 
150.83  147.99 
165.82  155.64 
172.92  152.55 
182.18  160.75 
190.27  168.61 
185.58  164.11 
177.64  154.21 
168.06  146.33 
161.96  140.35 
154.93  137.40 
152.39  158.26 
167.09  153.06 
177.52  154.54 
185.19  161.07 
187.97  164.23 
189.53  173.08 
200.38  172.23 
203.70  182.44 
188.81  194.26 
192.86  175.31 
193.84  171.50 
190.78  157.21 
182.58  153.34 
174.56  148.76 
164.78  143.27 
159.74  137.67 
154.35  137.86 
151.42  143.02 
155.07  143.71 
171.20  152.03 
195.97  171.19 
213.82  197.46 
228.60  230.11 
244.80  228.29 
250.66  222.17 
258.72  230.80 
264.35  219.36 
258.14  219.96 
257.27  218.68 
247.94  212.14 
246.31  226.35 
219.10  230.40 
207.66  186.72 
204.13  176.77 
191.82  167.74 
176.46  155.20 
161.54  138.57 
149.13  127.25 
138.36  114.80 
111.78  97.31  
99.42   85.84  
100.77  90.38  
103.45  90.80  
103.30  92.36  
109.58  93.63  
102.96  95.76  
103.37  84.47  
96.83   85.62  
93.93   79.70  
89.58   81.64  
96.34   81.71  
97.09   88.16  
99.75   95.59  
98.92   89.69  
99.91   91.48  
97.26   88.56  
90.52   78.02  
82.06   76.80  
78.57   66.70  
77.83   68.24  
77.52   70.43  
83.82   75.43  
95.72   92.38  
105.42  112.36 
113.71  105.84 
115.28  103.00 
112.03  95.90  
103.34  90.68  
91.73   87.76  
83.54   76.66  
86.40   78.87  
85.20   74.38  
79.80   70.97  
79.78   65.77  
80.84   72.31  
80.76   74.92  
83.41   73.07  
77.71   65.85  
66.12   56.89  
46.78   41.52  
15.98   15.99  
0.00    0.00   
# Capacity: 18
0.00    0.00   
0.00    0.00   
60.67   53.40  
64.64   62.21  
71.44   66.53  
78.42   69.48  
85.30   79.32  
89.79   78.91  
100.38  91.10  
113.39  105.94 
137.12  129.02 
150.55  154.28 
167.97  151.90 
173.73  155.86 
179.43  159.45 
182.28  161.67 
183.60  157.34 
180.87  148.18 
168.77  139.13 
160.03  141.52 
149.42  142.82 
151.15  156.09 
170.86  150.30 
176.37  153.65 
186.93  164.88 
183.02  164.38 
197.66  174.38 
202.99  171.86 
202.56  179.03 
187.90  189.69 
189.59  169.31 
189.70  167.31 
194.56  162.36 
182.38  151.05 
170.06  141.62 
166.04  146.60 
158.46  139.72 
155.12  132.36 
147.46  140.55 
156.20  142.55 
174.50  155.40 
188.94  172.05 
209.11  190.57 
227.49  220.98 
245.88  208.91 
255.20  222.38 
264.85  228.58 
264.22  219.94 
253.52  219.84 
247.59  203.27 
251.85  219.19 
247.04  212.19 
215.71  219.97 
206.35  169.87 
203.64  171.40 
194.90  172.32 
179.69  159.81 
161.68  136.24 
144.26  125.37 
136.88  118.88 
114.37  101.73 
98.04   81.42  
101.19  87.01  
101.95  91.55  
105.70  91.78  
105.33  93.25  
106.15  96.65  
103.24  85.44  
97.33   85.98  
94.28   83.21  
93.71   80.80  
93.42   80.79  
97.18   86.35  
99.22   94.31  
99.90   87.76  
101.28  89.58  
98.49   87.68  
89.99   75.49  
82.34   70.29  
78.47   69.23  
76.07   67.25  
78.01   70.94  
83.11   74.35  
97.48   90.42  
103.04  110.30 
112.79  106.12 
118.38  94.44  
111.98  95.16  
102.79  87.69  
87.42   83.68  
84.96   78.23  
86.71   77.50  
83.35   70.55  
79.99   66.87  
78.82   66.47  
81.84   72.15  
83.32   72.83  
80.95   70.77  
77.93   67.81  
65.10   56.19  
46.86   41.15  
15.97   15.98  
0.00    0.00   
# Capacity: 19
0.00    0.00   
0.00    0.00   
62.76   54.44  
67.38   59.22  
72.23   66.21  
76.63   71.66  
85.32   73.16  
91.94   80.49  
98.27   85.23  
116.61  102.81 
136.03  121.21 
149.70  150.34 
161.47  155.00 
173.88  157.91 
184.06  157.08 
183.56  161.20 
186.15  158.10 
178.14  150.96 
169.12  138.42 
161.68  136.99 
153.14  135.98 
148.87  155.92 
166.45  150.71 
178.88  157.83 
185.27  158.29 
186.32  161.18 
192.20  171.00 
197.25  168.29 
204.76  176.37 
190.74  192.29 
192.26  164.13 
197.76  170.41 
191.56  166.56 
179.89  148.31 
173.05  142.27 
168.68  141.01 
155.60  129.83 
157.20  134.56 
151.38  137.51 
157.91  140.18 
174.53  152.52 
193.69  170.33 
213.47  193.93 
224.50  222.84 
245.41  209.86 
264.31  217.20 
257.79  221.54 
260.93  223.70 
257.65  213.46 
252.38  202.18 
252.88  211.15 
252.16  226.62 
214.44  221.46 
208.04  176.44 
202.91  170.87 
196.81  160.98 
182.24  151.61 
158.10  133.41 
145.66  115.92 
134.09  114.31 
112.92  102.02 
100.24  83.76  
100.36  88.35  
104.70  87.46  
106.60  92.17  
108.06  95.66  
107.16  91.08  
102.74  86.92  
97.92   79.73  
93.12   79.79  
93.03   78.05  
92.70   80.62  
95.32   87.32  
99.15   94.97  
100.60  89.10  
99.75   87.90  
99.32   84.83  
87.48   77.10  
82.93   71.63  
76.81   66.90  
75.95   67.60  
79.26   70.96  
83.72   76.40  
98.28   84.36  
105.44  109.80 
111.52  103.55 
116.32  97.75  
111.98  94.72  
104.92  90.37  
86.82   83.18  
84.06   76.51  
86.82   72.14  
84.75   69.68  
80.24   67.73  
81.20   66.38  
82.07   72.19  
84.60   72.22  
82.20   71.47  
77.77   66.40  
65.18   57.58  
46.86   36.84  
15.98   15.99  
0.00    0.00   
# Capacity: 20
0.00    0.00   
0.00    0.00   
61.33   54.25  
66.61   62.09  
72.75   62.41  
78.87   71.53  
84.83   74.49  
91.24   79.76  
100.13  85.62  
116.34  99.72  
137.93  123.26 
152.74  147.80 
168.29  144.95 
174.51  150.71 
182.17  160.22 
186.64  161.91 
184.90  152.68 
176.54  152.18 
168.00  136.65 
162.10  135.04 
154.34  137.44 
151.67  158.45 
168.71  144.27 
175.03  147.23 
187.37  162.33 
187.06  161.46 
187.61  164.53 
195.84  167.99 
206.96  181.43 
189.99  190.63 
193.70  169.99 
192.91  161.02 
191.70  157.15 
183.29  151.98 
173.57  146.99 
164.80  138.24 
161.39  132.01 
156.90  131.61 
144.51  136.47 
160.28  137.16 
174.29  146.00 
191.84  165.56 
217.27  197.14 
224.96  227.21 
242.62  204.36 
252.38  216.58 
264.50  227.58 
252.79  222.01 
255.72  204.68 
250.59  217.19 
248.22  206.54 
249.06  212.53 
217.43  212.59 
207.95  178.02 
198.54  167.63 
196.40  162.46 
176.81  146.37 
154.12  128.97 
148.08  121.62 
137.31  109.48 
111.55  93.77  
96.88   81.28  
100.24  87.76  
104.51  85.35  
103.45  90.94  
107.89  91.42  
106.51  92.84  
102.42  84.58  
96.63   82.52  
93.26   79.60  
93.62   76.99  
93.93   80.42  
98.10   86.65  
99.20   95.27  
100.45  87.10  
98.08   86.47  
96.26   86.45  
89.86   74.71  
83.67   67.21  
78.35   66.00  
77.89   67.36  
78.38   69.12  
85.59   75.21  
97.46   92.06  
103.72  110.59 
114.13  98.30  
116.21  95.19  
109.31  94.42  
102.15  90.26  
87.20   82.77  
85.63   74.86  
87.77   77.42  
82.57   70.52  
78.75   67.15  
80.11   66.83  
81.60   70.84  
84.24   73.92  
80.15   71.21  
77.69   64.62  
64.27   52.75  
46.81   36.30  
15.97   15.99  
0.00    0.00   
# Capacity: 21
0.00    0.00   
0.00    0.00   
61.93   53.29  
66.62   56.17  
71.86   65.74  
80.12   69.81  
83.31   73.60  
90.62   79.00  
96.88   89.38  
115.20  106.68 
137.46  121.51 
148.66  148.36 
170.22  147.49 
176.55  147.02 
177.88  158.90 
185.83  152.60 
181.02  145.13 
174.89  142.93 
166.70  137.80 
162.98  130.67 
151.71  137.80 
149.11  151.57 
168.78  145.95 
175.38  154.03 
183.52  162.88 
186.12  161.69 
189.56  166.77 
192.60  167.06 
205.97  172.62 
190.99  191.58 
193.35  166.58 
188.26  170.84 
194.31  158.83 
182.51  142.31 
165.72  141.73 
165.46  137.82 
157.20  135.25 
156.67  136.67 
147.97  138.68 
155.69  138.33 
172.88  148.15 
190.88  163.95 
216.67  180.21 
226.07  227.67 
242.72  209.64 
254.36  210.40 
262.94  219.91 
257.23  214.78 
258.48  204.41 
249.61  201.83 
250.28  207.22 
248.46  202.47 
217.34  214.00 
204.01  165.16 
201.47  164.22 
197.30  158.17 
180.47  152.80 
163.54  132.04 
149.52  118.45 
135.93  111.16 
112.92  94.79  
98.66   84.58  
100.77  85.00  
107.03  87.53  
105.33  89.65  
108.28  90.60  
107.72  91.69  
103.91  83.77  
98.30   84.18  
94.95   78.13  
93.12   81.54  
95.18   78.21  
98.72   83.98  
99.54   89.55  
100.44  87.12  
100.67  85.95  
96.97   86.12  
88.36   73.86  
82.26   68.73  
78.74   64.01  
77.73   65.31  
78.40   67.81  
85.16   72.61  
97.47   89.57  
104.46  110.01 
111.24  101.04 
118.28  97.37  
110.95  91.08  
102.82  85.55  
89.67   83.45  
85.53   74.48  
85.52   74.48  
84.74   68.00  
80.58   65.40  
79.84   66.11  
83.23   67.18  
84.35   71.35  
82.32   68.11  
76.70   60.91  
65.50   49.81  
46.88   34.36  
15.99   15.99  
0.00    0.00   
# Capacity: 22
0.00    0.00   
0.00    0.00   
61.59   53.09  
66.27   59.44  
71.95   63.75  
77.71   68.96  
86.76   71.91  
88.45   80.33  
101.29  87.08  
115.72  101.35 
136.62  119.59 
150.16  148.19 
165.97  142.00 
171.63  145.77 
182.48  154.63 
186.99  151.00 
185.27  151.38 
178.44  144.51 
167.37  133.97 
160.31  129.86 
153.05  135.69 
153.65  157.68 
170.29  145.74 
175.03  152.54 
186.15  160.14 
192.67  157.31 
190.19  162.86 
199.00  165.40 
204.14  167.99 
191.42  195.08 
193.91  161.67 
194.55  156.80 
189.22  159.52 
181.43  144.49 
170.73  146.54 
167.95  133.27 
163.55  128.13 
155.23  131.24 
150.42  135.66 
156.95  136.85 
176.03  151.08 
194.16  166.17 
216.93  192.47 
227.31  219.41 
244.01  199.36 
259.04  208.82 
261.55  213.50 
259.17  214.41 
261.32  208.04 
249.72  203.18 
257.64  198.32 
248.65  217.43 
217.45  212.52 
206.99  171.36 
199.77  159.44 
199.83  154.66 
179.36  149.26 
162.41  129.97 
148.60  115.02 
135.04  104.35 
113.74  93.12  
98.17   79.14  
98.37   82.10  
106.05  81.89  
104.25  86.22  
107.40  88.88  
105.08  90.44  
104.60  81.58  
95.61   82.94  
91.52   78.10  
92.90   77.28  
91.92   79.42  
97.08   85.83  
95.11   92.21  
101.44  85.50  
103.24  85.47  
97.59   82.05  
89.39   75.42  
80.55   68.35  
79.73   68.07  
75.22   60.69  
76.87   66.30  
82.81   69.85  
97.44   87.87  
104.29  107.30 
114.25  100.71 
116.45  98.15  
113.00  95.51  
103.29  85.37  
87.51   82.61  
83.81   74.23  
84.73   69.87  
84.30   69.49  
81.12   66.96  
81.38   67.11  
82.23   69.95  
84.66   72.74  
82.14   67.05  
78.15   63.11  
65.34   51.04  
46.83   35.74  
15.99   15.97  
0.00    0.00   
# Capacity: 23
0.00    0.00   
0.00    0.00   
61.61   52.94  
66.62   56.69  
72.10   64.35  
79.71   66.97  
85.68   74.94  
89.26   78.41  
98.75   86.56  
112.92  100.08 
137.07  116.86 
153.94  147.08 
167.94  146.03 
175.74  147.47 
181.15  149.93 
186.57  154.05 
175.52  149.18 
178.16  139.38 
167.92  137.51 
162.24  132.64 
153.25  137.45 
152.69  147.82 
168.25  144.32 
178.14  151.78 
183.98  160.27 
184.52  153.27 
193.48  168.78 
199.18  159.43 
201.58  172.03 
189.77  184.89 
192.33  168.04 
192.89  160.28 
189.20  156.58 
184.82  150.60 
171.51  142.35 
169.30  138.76 
159.63  127.90 
152.28  135.84 
149.88  138.57 
154.33  131.00 
172.15  143.37 
192.84  161.20 
213.27  186.51 
223.88  212.28 
248.70  207.70 
258.45  203.32 
263.31  218.54 
255.81  223.38 
256.88  208.34 
251.60  202.11 
251.78  199.86 
249.27  196.70 
214.82  215.47 
209.86  164.01 
199.98  159.48 
193.95  153.37 
176.91  140.83 
161.41  135.50 
148.56  113.35 
136.52  111.78 
112.46  93.55  
97.95   81.71  
101.51  85.03  
105.25  85.16  
103.45  87.73  
108.50  86.52  
105.13  88.32  
103.51  84.01  
96.50   82.37  
94.56   77.56  
91.50   77.17  
92.95   76.79  
96.60   81.65  
97.28   91.26  
100.73  81.89  
98.58   81.27  
96.74   80.48  
89.89   75.46  
83.73   68.19  
77.31   64.64  
77.80   63.85  
75.64   67.73  
84.10   69.40  
96.39   87.35  
102.73  108.45 
110.34  97.48  
117.85  92.92  
109.98  89.03  
104.20  86.76  
87.44   79.90  
84.38   71.98  
84.94   68.19  
84.10   69.77  
80.09   66.31  
80.09   66.71  
82.75   67.91  
83.48   72.06  
82.33   68.98  
77.24   62.90  
66.74   50.83  
46.85   37.16  
15.98   15.99  
0.00    0.00   
# Capacity: 24
0.00    0.00   
0.00    0.00   
60.93   52.95  
65.14   58.55  
71.68   64.27  
78.22   67.94  
83.94   68.71  
90.38   75.47  
100.05  87.60  
111.25  96.22  
134.56  123.35 
147.25  144.58 
172.64  137.00 
178.76  152.73 
177.70  146.57 
183.84  150.98 
182.50  146.23 
174.67  146.48 
167.27  130.73 
163.41  131.55 
150.29  132.06 
153.22  152.02 
165.57  144.22 
180.55  145.83 
187.11  154.09 
185.42  152.32 
190.59  158.83 
203.15  161.46 
201.66  175.90 
191.78  183.71 
195.51  153.28 
198.78  167.67 
187.91  139.69 
183.26  145.57 
175.92  132.71 
169.19  133.10 
162.63  128.48 
158.48  134.64 
149.30  134.20 
156.25  130.20 
170.30  146.60 
193.85  158.60 
213.44  176.95 
220.63  214.36 
245.48  207.84 
248.94  209.81 
262.64  214.53 
259.98  204.63 
263.16  200.24 
252.30  192.63 
249.17  196.99 
248.35  197.50 
216.48  211.90 
206.07  161.56 
206.63  155.30 
195.20  148.99 
176.27  142.96 
158.44  124.87 
147.78  116.10 
133.31  105.13 
113.12  92.25  
98.64   82.75  
99.66   84.05  
102.24  83.13  
107.51  87.49  
106.96  84.04  
106.37  90.87  
102.54  80.70  
98.48   73.89  
93.81   77.01  
93.79   74.90  
95.11   79.25  
96.62   80.33  
95.55   88.96  
101.66  85.59  
101.59  82.41  
99.63   78.12  
89.67   73.00  
82.07   64.93  
79.89   63.31  
77.28   61.87  
76.23   68.71  
84.80   70.27  
96.96   84.53  
103.07  106.65 
110.77  98.29  
116.49  91.88  
109.68  88.01  
104.28  83.78  
87.80   78.59  
84.87   74.06  
86.23   70.48  
84.57   68.03  
80.74   63.59  
77.71   63.33  
82.31   68.70  
84.06   68.37  
82.23   68.90  
77.09   61.97  
66.31   48.57  
46.86   33.92  
15.99   15.98  
0.00    0.00   
# Capacity: 25
0.00    0.00   
0.00    0.00   
60.62   51.51  
66.80   55.25  
73.54   62.73  
78.18   66.29  
85.36   70.29  
91.97   72.43  
96.92   82.30  
116.61  97.43  
136.23  115.25 
153.02  145.22 
172.49  138.14 
176.91  145.32 
177.61  145.29 
184.47  153.07 
183.50  143.57 
175.07  141.15 
164.22  135.83 
161.96  127.27 
152.52  129.01 
150.28  146.01 
169.53  140.77 
183.22  150.92 
184.09  150.52 
188.35  145.39 
189.40  154.75 
201.56  157.46 
203.83  162.93 
192.26  171.89 
193.62  164.56 
195.02  157.33 
190.07  145.67 
178.43  141.76 
175.27  132.79 
166.24  128.35 
162.17  130.23 
153.15  128.98 
148.06  135.16 
156.27  126.68 
171.95  138.79 
189.65  159.65 
212.20  183.19 
223.46  220.07 
248.65  201.63 
252.74  202.19 
255.14  211.91 
262.94  204.94 
256.92  200.42 
247.78  200.72 
251.25  193.64 
248.01  197.69 
217.46  211.73 
204.56  161.79 
202.75  150.55 
195.62  148.51 
176.49  140.97 
159.10  127.21 
149.73  116.31 
132.62  102.88 
112.00  92.65  
99.72   81.16  
100.59  82.13  
103.05  87.31  
104.44  87.84  
109.63  89.23  
107.86  90.85  
103.04  79.85  
98.02   77.84  
94.15   75.09  
92.46   75.53  
93.84   78.07  
95.32   83.24  
99.39   89.55  
98.24   81.78  
101.22  82.30  
96.15   78.41  
89.79   72.04  
83.30   62.58  
76.95   62.71  
77.26   62.89  
75.97   66.06  
84.96   71.90  
96.31   83.46  
104.22  103.65 
112.85  102.16 
116.43  93.90  
110.57  88.30  
103.67  80.46  
88.84   80.64  
86.42   69.20  
85.81   70.45  
82.96   67.64  
79.97   64.76  
80.20   62.94  
81.45   67.74  
83.51   68.59  
82.54   66.34  
77.85   60.88  
65.10   49.89  
46.67   35.39  
15.99   15.99  
0.00    0.00   
# Capacity: 26
0.00    0.00   
0.00    0.00   
61.58   52.66  
66.30   56.52  
70.58   62.43  
77.71   66.97  
84.30   66.47  
90.47   75.77  
98.39   85.26  
114.40  101.69 
131.36  115.26 
153.58  140.04 
165.65  136.34 
176.26  146.91 
180.99  149.51 
187.57  142.13 
182.99  145.40 
175.79  140.88 
168.43  127.42 
161.03  133.92 
155.08  135.43 
151.23  150.74 
169.62  140.02 
177.28  141.95 
182.14  154.30 
187.56  153.49 
194.53  153.35 
198.77  159.01 
206.83  164.51 
193.97  178.07 
190.01  152.96 
193.71  161.22 
188.66  151.72 
180.95  136.86 
169.32  135.09 
166.05  128.73 
159.06  125.99 
156.00  127.34 
150.38  134.23 
157.38  128.36 
176.77  139.69 
192.47  159.98 
214.05  176.05 
229.23  213.28 
247.11  196.29 
256.78  207.60 
260.13  212.16 
258.15  210.38 
260.10  196.63 
250.37  201.35 
251.83  194.85 
244.75  198.77 
214.18  197.54 
211.46  162.14 
201.52  157.32 
190.51  149.25 
177.75  142.91 
162.89  127.26 
146.90  112.90 
134.89  98.67  
113.13  91.61  
98.45   80.45  
100.92  83.00  
104.98  82.84  
104.81  81.94  
111.64  86.18  
104.38  86.32  
102.29  81.64  
99.11   78.95  
92.64   72.37  
91.86   73.73  
94.72   79.40  
97.90   81.28  
99.71   89.60  
100.43  82.45  
101.21  77.00  
96.41   77.17  
90.87   73.83  
80.99   64.10  
79.13   63.00  
75.41   57.82  
76.69   66.50  
83.87   69.50  
96.71   81.13  
105.50  104.71 
112.82  92.75  
113.70  93.18  
108.73  87.61  
103.81  83.48  
89.50   78.03  
83.79   69.15  
86.22   71.70  
86.05   64.93  
79.68   62.96  
79.30   61.19  
81.01   66.08  
85.00   66.14  
83.14   67.43  
79.43   60.42  
66.77   47.36  
46.85   33.47  
15.97   15.97  
0.00    0.00   
# Capacity: 27
0.00    0.00   
0.00    0.00   
60.67   50.55  
65.36   55.83  
72.84   59.19  
79.26   65.23  
86.15   71.29  
90.90   73.27  
101.58  81.16  
113.43  100.97 
135.91  118.64 
148.34  140.56 
168.14  133.31 
175.84  142.98 
182.80  144.06 
181.64  141.42 
188.69  139.49 
173.57  138.51 
170.06  122.77 
159.81  127.26 
151.76  132.65 
151.97  144.69 
164.91  141.05 
178.74  145.59 
186.53  152.78 
187.18  147.76 
188.71  154.11 
197.74  157.42 
203.67  155.87 
189.53  182.62 
194.75  154.65 
192.24  150.98 
189.31  147.58 
185.41  133.08 
173.46  129.82 
167.46  130.58 
159.64  122.83 
156.59  116.88 
148.57  129.27 
156.69  131.63 
173.64  138.31 
189.73  157.63 
210.53  177.49 
226.51  197.28 
252.92  195.78 
256.66  191.09 
264.84  208.85 
268.18  207.00 
256.23  197.74 
245.75  194.73 
251.83  195.76 
250.69  208.42 
214.03  204.30 
211.56  165.21 
203.58  156.75 
196.25  153.60 
178.88  137.55 
162.70  123.60 
149.45  112.65 
133.69  106.99 
111.73  89.53  
97.28   78.86  
96.66   81.23  
107.22  79.33  
107.03  84.41  
109.92  84.20  
106.10  87.25  
102.39  78.43  
95.18   75.67  
94.54   74.83  
92.13   75.60  
94.22   76.53  
95.62   83.49  
100.23  86.36  
101.86  78.88  
100.35  77.53  
97.43   78.93  
89.41   71.51  
83.15   61.40  
77.20   62.79  
76.71   60.89  
74.66   63.25  
83.89   69.16  
98.04   84.33  
103.28  106.10 
113.65  92.96  
119.38  92.14  
111.48  84.65  
104.05  77.96  
87.81   80.01  
85.99   72.46  
87.05   66.58  
84.73   63.43  
78.29   61.20  
80.91   64.66  
80.91   66.88  
83.85   66.46  
83.32   67.23  
77.50   56.16  
65.98   49.52  
46.77   29.45  
15.97   15.97  
0.00    0.00   
# Capacity: 28
0.00    0.00   
0.00    0.00   
61.76   51.48  
64.57   56.84  
70.93   61.58  
78.77   66.77  
84.28   70.13  
90.72   74.51  
99.94   83.96  
111.02  96.47  
135.68  116.29 
149.64  139.22 
168.46  131.28 
179.14  143.36 
181.58  140.38 
186.21  145.21 
181.37  146.41 
178.14  131.56 
167.57  127.58 
158.04  126.85 
153.50  130.30 
154.46  141.88 
168.15  140.07 
178.54  135.19 
181.74  151.46 
189.18  144.53 
193.62  148.12 
196.20  149.84 
205.77  159.24 
192.18  178.95 
188.31  144.54 
192.08  150.07 
190.65  149.44 
182.74  130.79 
172.64  130.87 
164.51  127.96 
161.34  128.99 
152.30  115.56 
147.20  131.65 
156.30  134.30 
176.43  141.73 
192.68  153.28 
215.69  170.62 
231.27  207.56 
247.21  192.10 
260.01  199.33 
271.67  202.70 
262.98  203.58 
255.08  197.87 
253.84  191.16 
253.71  186.72 
246.69  196.61 
217.88  201.54 
210.03  162.26 
196.52  154.29 
196.35  147.20 
176.38  132.58 
161.74  121.85 
145.76  108.40 
137.27  107.77 
111.56  88.94  
99.48   78.71  
100.67  80.42  
101.84  80.94  
106.51  83.15  
109.34  85.94  
105.85  86.62  
103.10  80.42  
98.04   71.73  
94.76   73.23  
93.32   73.57  
90.99   75.72  
97.95   81.64  
100.30  88.40  
101.97  78.69  
101.24  81.01  
96.54   73.04  
88.81   67.95  
82.28   64.09  
79.07   61.06  
77.11   60.20  
77.74   62.75  
83.29   70.68  
96.29   84.37  
101.99  105.40 
108.65  95.80  
115.84  86.34  
109.80  86.74  
103.74  79.26  
88.04   78.22  
86.36   70.30  
86.92   66.70  
84.39   64.77  
80.64   60.62  
79.33   59.86  
80.18   65.94  
83.48   66.40  
84.17   63.59  
77.72   58.51  
65.30   48.20  
46.84   32.64  
15.98   15.98  
0.00    0.00   
# Capacity: 29
0.00    0.00   
0.00    0.00   
61.48   48.42  
67.02   55.16  
72.17   57.05  
78.35   63.67  
84.53   66.81  
89.46   70.46  
98.66   82.26  
115.36  95.33  
135.72  115.68 
149.18  136.43 
171.92  132.65 
175.24  137.25 
182.99  146.60 
184.38  142.52 
184.85  136.68 
177.07  138.11 
168.19  125.55 
156.62  128.44 
152.16  132.82 
151.37  137.11 
167.69  133.31 
180.34  141.16 
184.77  145.30 
191.62  147.75 
188.60  152.88 
204.72  152.31 
199.06  153.02 
192.83  174.47 
196.88  152.78 
193.09  154.77 
194.01  143.81 
181.44  136.17 
176.63  133.03 
166.40  126.32 
159.09  123.76 
156.71  119.63 
149.34  129.63 
156.34  130.96 
169.18  135.97 
187.45  153.41 
214.78  177.46 
225.45  200.55 
241.87  190.70 
257.12  196.01 
263.48  200.32 
269.17  199.93 
258.23  194.07 
255.11  187.68 
256.14  190.24 
241.78  188.19 
217.39  201.03 
205.18  163.52 
202.25  146.65 
198.27  140.34 
175.24  130.33 
160.72  119.90 
149.20  112.28 
137.04  94.50  
112.31  90.91  
98.19   77.28  
99.65   82.96  
105.17  78.70  
104.86  81.34  
109.37  83.61  
104.85  79.94  
102.42  76.16  
96.69   78.97  
91.49   71.11  
93.56   72.79  
95.28   75.45  
97.42   79.20  
98.82   83.70  
99.83   79.58  
101.68  79.06  
97.45   74.49  
90.70   71.02  
83.71   60.11  
79.00   62.05  
78.36   60.43  
77.19   63.55  
85.08   70.06  
96.70   84.52  
103.70  102.99 
110.60  89.60  
115.59  85.07  
109.34  83.63  
104.15  80.29  
88.34   76.73  
85.15   68.68  
87.47   64.70  
83.97   65.44  
79.91   60.81  
78.62   60.84  
82.12   63.64  
81.20   65.56  
84.35   63.77  
77.96   53.73  
66.77   44.49  
46.85   34.21  
15.98   15.98  
0.00    0.00   
# Capacity: 30
0.00    0.00   
0.00    0.00   
60.52   50.75  
65.72   55.49  
72.37   61.49  
79.39   64.35  
84.18   67.31  
88.97   73.00  
101.63  80.26  
117.88  98.14  
135.48  111.64 
150.07  136.29 
165.50  132.38 
174.93  137.44 
181.17  146.82 
185.75  133.00 
179.95  138.02 
170.92  125.96 
172.34  122.08 
156.91  119.53 
153.23  125.37 
151.21  140.44 
168.03  131.46 
177.98  142.04 
185.10  146.77 
191.96  139.09 
196.25  144.63 
199.86  160.68 
206.53  152.64 
189.09  167.85 
196.39  151.60 
191.46  145.73 
191.50  142.57 
185.44  135.97 
172.27  134.07 
166.64  121.61 
159.57  119.68 
156.15  118.30 
149.67  130.45 
155.47  124.07 
176.69  140.09 
188.96  156.15 
216.81  163.65 
226.27  203.51 
235.07  191.47 
254.98  197.50 
256.90  206.88 
263.22  206.29 
255.52  192.51 
250.27  186.37 
247.92  189.13 
242.40  196.35 
212.89  202.70 
204.45  155.20 
201.28  147.71 
196.06  145.51 
176.37  135.33 
160.46  118.71 
147.40  108.44 
136.97  99.81  
109.75  91.26  
95.55   73.90  
98.88   79.34  
102.17  78.62  
103.44  84.65  
110.34  83.24  
107.33  81.74  
100.99  75.33  
94.48   73.52  
94.41   71.17  
94.87   70.37  
93.17   74.96  
98.11   79.14  
94.97   83.09  
100.38  77.51  
101.02  77.82  
97.30   72.07  
90.28   67.21  
81.46   60.35  
78.64   60.24  
75.95   58.20  
76.99   62.33  
84.43   68.16  
95.60   81.55  
103.78  100.81 
112.99  92.30  
114.99  88.38  
111.54  86.73  
102.90  81.03  
88.56   77.31  
83.61   67.63  
85.98   66.75  
84.94   64.19  
80.72   60.45  
80.88   60.22  
81.07   64.99  
83.57   63.80  
82.56   60.24  
78.65   57.13  
66.04   44.64  
46.77   26.97  
15.99   15.98  
0.00    0.00   
# Capacity: 31
0.00    0.00   
0.00    0.00   
61.02   50.42  
65.45   55.28  
70.50   59.77  
78.60   61.67  
83.74   68.88  
90.61   72.38  
99.27   83.47  
117.05  95.59  
137.29  117.73 
148.91  133.12 
169.12  133.93 
175.36  133.03 
177.43  138.37 
183.00  143.61 
181.15  137.46 
175.83  127.12 
167.88  128.01 
158.55  124.74 
150.25  127.15 
152.54  147.93 
169.92  130.47 
177.63  139.15 
183.31  145.78 
192.24  142.91 
187.83  149.89 
197.27  151.09 
205.52  157.89 
193.39  168.22 
194.01  146.75 
189.50  152.00 
191.24  139.04 
181.98  126.05 
171.03  122.14 
166.77  121.00 
162.10  121.66 
156.14  119.29 
150.95  123.83 
151.91  126.41 
173.39  143.48 
190.82  154.97 
216.31  171.19 
227.05  199.18 
254.27  189.61 
254.59  188.16 
262.54  193.98 
257.87  189.62 
255.54  185.59 
258.11  188.49 
249.17  180.47 
246.64  193.79 
213.82  197.84 
200.12  157.86 
203.82  148.94 
199.62  142.75 
178.65  131.23 
159.19  115.26 
148.19  106.28 
137.13  92.08  
112.66  84.47  
98.64   74.50  
100.46  80.23  
104.54  76.68  
105.35  78.81  
109.33  82.11  
103.59  80.53  
101.79  75.89  
97.64   72.20  
92.16   70.21  
92.81   70.86  
92.60   72.64  
98.17   75.61  
93.40   83.51  
101.80  77.06  
101.78  78.12  
98.22   75.91  
88.97   67.61  
81.49   60.09  
76.22   57.59  
77.52   60.28  
76.79   63.34  
85.69   68.63  
97.64   79.24  
102.46  99.81  
112.12  88.58  
116.91  88.23  
108.65  85.53  
103.36  78.11  
90.39   75.96  
85.72   66.39  
86.89   66.00  
83.07   65.31  
81.44   56.67  
81.75   60.91  
80.31   62.73  
85.38   62.07  
83.87   64.46  
77.61   56.26  
66.46   45.54  
46.89   24.00  
15.98   15.96  
0.00    0.00   
# Capacity: 32
0.00    0.00   
0.00    0.00   
61.39   51.55  
67.10   54.20  
72.26   57.85  
77.39   62.83  
83.95   68.79  
89.25   72.67  
96.67   78.81  
113.22  94.86  
136.97  114.44 
151.05  131.07 
166.20  123.13 
173.36  137.05 
182.12  139.78 
185.23  136.63 
181.15  133.53 
174.11  132.52 
165.40  125.28 
157.54  121.78 
155.49  127.43 
151.80  141.70 
167.53  133.89 
180.06  129.55 
183.85  142.71 
188.35  143.53 
189.89  149.09 
197.52  148.55 
202.47  154.82 
186.18  177.69 
191.77  148.31 
194.11  135.16 
190.10  136.83 
183.50  123.58 
168.74  125.15 
162.93  121.26 
161.64  119.47 
155.57  115.88 
151.55  123.09 
152.54  125.84 
174.43  140.11 
191.82  152.66 
214.64  170.56 
229.91  196.77 
246.60  175.48 
257.69  191.83 
251.76  186.81 
252.82  191.90 
253.19  178.62 
258.97  184.85 
249.84  185.91 
249.84  196.28 
216.83  202.49 
206.51  155.73 
201.82  145.34 
192.69  135.24 
177.44  124.43 
162.19  113.76 
147.43  104.58 
135.61  98.81  
112.99  83.32  
98.82   73.33  
101.26  73.44  
103.30  79.53  
103.52  81.59  
109.42  82.43  
107.02  76.57  
103.91  74.55  
96.63   72.50  
92.98   70.97  
90.32   67.51  
92.81   72.21  
97.50   80.41  
99.06   84.54  
102.39  75.92  
99.13   72.89  
97.90   69.01  
88.70   69.83  
81.73   61.60  
78.33   57.33  
77.34   56.98  
74.93   63.05  
85.55   68.98  
93.83   78.66  
103.06  103.16 
110.87  90.94  
115.21  80.98  
110.67  82.57  
104.23  80.59  
88.47   76.93  
86.82   65.37  
87.25   62.84  
82.25   61.44  
78.94   61.25  
81.04   59.27  
82.79   63.79  
85.30   64.32  
84.40   61.23  
77.53   53.50  
65.07   43.37  
46.76   28.33  
15.99   15.98  
0.00    0.00   
# Capacity: 33
0.00    0.00   
0.00    0.00   
61.70   47.65  
67.12   53.37  
72.70   57.98  
79.81   61.06  
85.46   65.20  
90.81   72.06  
100.47  79.01  
116.32  94.86  
136.14  113.43 
154.16  130.39 
168.55  126.02 
178.02  139.04 
175.76  142.29 
181.58  136.41 
181.25  134.94 
178.84  127.48 
168.51  120.71 
160.71  119.18 
152.34  126.81 
151.43  133.01 
171.60  128.85 
177.36  138.66 
183.87  143.84 
184.81  143.16 
193.37  143.20 
197.68  141.83 
206.09  152.80 
187.04  165.42 
190.05  143.47 
191.29  145.54 
193.34  134.43 
184.07  125.45 
173.19  123.75 
165.84  120.14 
159.74  115.35 
156.38  121.23 
149.64  124.54 
151.05  122.35 
172.16  135.58 
194.94  152.92 
219.79  168.21 
224.15  193.46 
245.97  179.43 
258.38  183.04 
264.19  183.82 
257.17  194.88 
254.95  182.50 
251.48  190.73 
259.26  179.86 
250.29  182.17 
215.29  196.40 
205.03  146.10 
203.45  142.04 
194.39  132.73 
178.64  116.95 
161.43  115.83 
148.82  102.86 
137.74  93.02  
112.79  85.19  
95.37   72.21  
99.11   74.92  
105.24  80.99  
107.20  81.35  
108.22  79.31  
104.98  78.78  
102.90  70.57  
98.10   69.68  
94.52   69.91  
90.90   69.77  
94.93   71.18  
98.99   78.08  
95.39   82.57  
102.85  73.42  
102.92  72.10  
98.99   74.11  
92.34   64.95  
82.61   61.10  
75.39   56.02  
78.53   57.94  
77.75   60.63  
84.07   70.98  
96.84   79.50  
103.77  99.72  
114.77  87.46  
117.11  83.07  
113.98  82.78  
103.05  77.18  
90.23   74.66  
84.62   65.06  
87.39   61.05  
82.76   59.72  
79.59   57.43  
81.29   58.28  
82.44   64.51  
85.44   64.72  
83.20   60.69  
77.31   54.72  
65.09   44.27  
46.74   29.04  
15.97   15.99  
0.00    0.00   
# Capacity: 34
0.00    0.00   
0.00    0.00   
60.89   48.24  
64.93   53.05  
72.76   56.60  
77.14   60.62  
84.39   68.30  
93.99   67.46  
101.55  81.62  
117.94  90.54  
133.19  107.69 
152.61  129.11 
164.69  125.70 
177.70  130.69 
181.49  136.79 
180.02  136.78 
183.64  131.18 
178.35  127.09 
170.35  119.16 
161.26  116.42 
152.87  121.89 
154.59  133.23 
166.82  131.61 
176.07  132.35 
188.50  140.67 
188.84  141.92 
192.70  145.03 
199.57  150.58 
207.17  144.78 
195.40  170.33 
188.83  143.71 
194.79  144.36 
190.60  126.37 
183.65  122.29 
172.76  127.11 
165.71  116.18 
164.16  111.76 
159.94  115.41 
148.12  121.59 
158.30  125.27 
170.61  133.22 
190.08  150.67 
213.60  167.11 
224.40  197.88 
244.46  183.87 
251.93  181.38 
261.60  202.12 
260.94  190.83 
259.48  183.26 
251.87  178.39 
250.92  178.48 
248.07  182.90 
215.20  193.90 
206.74  154.28 
207.62  137.91 
193.26  130.06 
177.74  133.45 
159.75  116.19 
151.04  105.53 
136.74  90.59  
108.59  81.17  
95.80   69.78  
102.67  73.74  
107.25  76.06  
106.60  76.43  
107.18  78.42  
108.13  76.98  
104.22  73.76  
98.52   73.92  
95.59   65.74  
93.11   69.88  
95.08   72.36  
97.03   77.48  
98.05   82.29  
101.30  73.76  
101.38  70.22  
96.91   66.64  
91.40   63.25  
82.70   59.95  
77.33   57.22  
75.28   56.75  
77.17   58.89  
85.27   69.14  
96.80   76.07  
104.83  99.53  
112.16  91.37  
116.10  79.88  
109.19  77.72  
105.40  72.59  
89.08   74.49  
85.00   62.90  
85.48   63.16  
82.51   59.31  
78.45   59.24  
79.47   60.51  
82.82   62.82  
81.82   59.94  
85.18   58.95  
75.88   55.18  
65.98   43.47  
46.83   27.45  
15.97   15.98  
0.00    0.00   
# Capacity: 35
0.00    0.00   
0.00    0.00   
60.15   47.70  
66.06   53.66  
71.52   54.04  
78.96   58.23  
83.96   65.23  
89.88   67.76  
100.18  76.81  
112.47  94.70  
137.24  110.94 
152.01  133.71 
167.11  119.16 
173.94  131.80 
183.63  134.07 
186.08  140.40 
183.80  128.59 
177.25  120.85 
168.11  117.63 
163.85  105.47 
153.47  124.75 
150.74  140.31 
168.82  121.17 
179.18  134.30 
188.17  131.62 
186.47  138.96 
195.36  142.16 
201.63  141.71 
204.37  146.01 
189.08  163.37 
193.18  144.42 
192.62  140.18 
197.16  126.18 
184.72  126.48 
177.50  116.17 
160.70  110.91 
161.66  113.09 
158.38  109.78 
149.07  122.77 
154.11  118.00 
173.97  128.31 
189.74  150.51 
218.96  166.51 
228.40  191.37 
245.20  185.96 
253.52  187.46 
259.82  185.41 
265.61  182.86 
256.10  176.62 
248.13  174.91 
249.96  173.13 
244.40  180.69 
214.11  184.32 
207.47  143.70 
203.36  139.60 
192.38  133.27 
176.12  125.56 
163.08  112.19 
146.85  103.37 
136.89  88.77  
114.46  80.03  
98.93   72.89  
100.87  71.99  
103.79  76.39  
106.63  76.36  
109.08  80.74  
106.40  74.26  
103.30  72.01  
96.63   69.54  
91.43   68.02  
93.63   66.52  
96.11   73.14  
98.35   76.73  
95.97   80.89  
100.94  71.07  
101.05  71.98  
96.54   67.11  
91.77   65.28  
80.89   56.44  
78.73   57.19  
76.17   56.16  
76.49   61.92  
86.98   68.25  
96.64   80.03  
106.15  95.81  
112.70  86.68  
118.13  81.63  
108.85  80.71  
104.45  71.28  
87.40   74.66  
84.14   64.18  
86.24   61.79  
83.23   61.42  
80.95   56.40  
80.52   58.85  
81.14   61.51  
83.86   62.43  
80.87   59.17  
77.47   52.44  
64.67   39.69  
46.85   24.54  
15.99   15.98  
0.00    0.00   
# Capacity: 36
0.00    0.00   
0.00    0.00   
62.87   48.31  
67.08   51.78  
72.60   55.26  
79.07   61.30  
86.76   60.62  
89.90   69.02  
99.97   78.79  
114.21  93.28  
137.08  107.81 
151.37  131.96 
169.00  122.72 
173.86  132.59 
179.55  132.53 
181.20  129.22 
182.39  128.50 
180.31  124.85 
169.19  115.81 
161.02  113.21 
151.55  122.75 
150.85  132.05 
165.37  125.54 
180.76  125.79 
184.75  134.98 
193.23  142.05 
196.80  138.28 
196.85  142.99 
207.43  150.46 
195.60  162.64 
194.44  139.10 
191.84  141.21 
190.09  123.94 
181.38  127.95 
171.82  117.48 
165.75  113.50 
158.69  116.34 
157.20  114.52 
149.22  119.90 
153.76  116.02 
177.71  128.15 
191.41  144.61 
213.80  162.86 
223.66  193.39 
246.82  180.05 
259.55  181.87 
260.00  180.95 
261.37  181.33 
262.50  163.15 
255.28  169.14 
252.50  179.31 
246.49  178.50 
214.89  187.18 
208.14  141.45 
203.48  136.29 
197.37  127.49 
177.08  123.20 
163.34  114.00 
149.30  99.30  
137.66  82.88  
112.90  82.90  
100.07  70.66  
102.00  73.64  
104.92  75.47  
105.16  77.89  
106.30  76.41  
107.33  79.30  
104.64  70.25  
98.16   66.12  
94.26   68.18  
92.34   63.72  
94.62   69.61  
98.10   75.79  
99.36   79.10  
99.51   73.80  
102.10  71.35  
96.15   66.58  
88.55   61.32  
81.06   57.27  
75.93   54.74  
76.34   55.12  
74.72   57.68  
83.44   68.59  
97.86   79.68  
104.69  99.12  
110.64  78.89  
114.32  78.71  
110.70  76.03  
102.38  70.68  
89.62   74.59  
85.52   62.64  
84.61   60.52  
82.99   61.30  
79.89   56.28  
80.25   57.24  
82.68   60.86  
85.15   60.68  
80.54   57.04  
77.31   53.34  
66.22   38.06  
46.82   26.47  
15.99   15.98  
0.00    0.00   
# Capacity: 37
0.00    0.00   
0.00    0.00   
59.53   47.97  
67.02   51.33  
69.58   55.78  
78.89   60.33  
84.15   62.31  
92.20   67.83  
100.41  78.42  
113.72  90.46  
133.70  104.71 
150.01  128.07 
166.19  123.22 
177.09  122.73 
179.29  130.95 
185.15  127.31 
184.16  123.01 
174.49  120.51 
169.50  114.23 
161.96  109.43 
152.98  121.90 
152.28  132.00 
166.70  124.75 
178.61  134.74 
182.02  131.12 
190.56  135.72 
190.93  140.75 
201.40  140.84 
203.30  146.16 
195.99  162.62 
193.20  140.49 
194.99  133.51 
187.72  122.80 
185.73  123.05 
170.45  121.09 
164.98  113.05 
159.10  109.16 
156.90  107.39 
147.31  116.32 
160.08  119.39 
173.59  128.89 
192.92  147.63 
212.64  163.02 
224.85  180.71 
248.94  175.23 
253.27  182.40 
267.39  180.73 
262.33  179.55 
255.59  169.71 
256.55  175.50 
252.88  165.96 
249.40  174.13 
215.15  191.44 
206.85  140.37 
204.34  138.11 
195.24  131.83 
176.90  123.11 
163.57  104.02 
149.64  95.11  
134.22  82.17  
111.60  79.27  
99.24   69.71  
99.21   73.58  
103.10  73.75  
105.63  76.58  
110.82  73.76  
106.99  73.04  
105.22  68.57  
96.09   67.52  
92.10   63.63  
94.30   66.56  
92.22   68.17  
97.91   72.96  
98.18   78.64  
101.44  73.39  
102.47  71.53  
97.15   68.54  
89.23   62.41  
81.27   58.14  
79.41   56.34  
74.33   55.99  
77.02   57.87  
84.38   66.27  
97.38   78.44  
102.98  96.84  
113.63  82.95  
115.54  77.83  
111.42  80.50  
104.34  74.37  
87.75   73.35  
85.42   61.74  
86.39   60.19  
85.82   57.20  
80.29   55.82  
81.85   55.40  
82.12   60.42  
83.34   60.63  
82.28   57.39  
77.39   50.13  
64.47   39.90  
46.80   25.53  
15.99   15.99  
0.00    0.00   
# Capacity: 38
0.00    0.00   
0.00    0.00   
60.14   46.30  
64.53   49.77  
72.34   54.08  
78.50   58.04  
85.05   64.10  
89.86   67.22  
97.13   77.11  
114.50  90.58  
135.61  110.39 
149.57  127.78 
167.09  117.66 
177.48  129.26 
180.71  129.07 
182.99  127.16 
181.13  117.98 
181.04  122.99 
169.63  113.76 
162.20  107.08 
155.18  123.85 
156.45  133.73 
171.18  127.53 
180.56  126.40 
186.17  134.41 
191.24  138.22 
193.64  135.49 
202.61  137.94 
203.31  142.58 
191.07  162.44 
193.76  137.27 
195.73  136.15 
191.39  126.30 
185.43  117.36 
172.72  116.78 
163.94  112.27 
160.13  113.78 
155.38  112.70 
147.59  119.67 
157.60  117.35 
179.31  127.17 
193.73  145.30 
215.82  164.90 
224.87  188.47 
250.34  169.37 
259.93  182.04 
255.53  179.99 
261.79  185.84 
258.24  168.54 
253.37  171.00 
250.89  170.03 
249.27  169.91 
217.39  185.30 
209.18  141.32 
206.84  135.79 
197.76  126.89 
183.04  117.91 
158.13  107.72 
151.14  98.07  
136.88  82.64  
112.21  79.63  
100.11  69.42  
100.12  70.13  
102.92  73.21  
105.34  79.46  
110.63  73.23  
106.61  75.29  
104.92  70.08  
99.04   68.24  
93.24   67.63  
93.79   61.81  
93.74   72.06  
95.61   74.61  
98.50   80.03  
99.84   70.19  
100.66  68.91  
99.02   65.46  
91.09   61.23  
81.78   58.80  
78.96   56.31  
76.22   54.26  
78.34   60.40  
85.75   66.25  
97.40   75.87  
103.67  93.25  
111.66  83.77  
120.08  73.10  
112.48  74.44  
104.38  72.89  
89.87   73.49  
85.47   62.50  
86.99   56.94  
85.38   58.17  
80.78   54.34  
81.86   56.97  
81.03   61.13  
86.09   57.71  
84.70   54.59  
75.95   50.62  
64.79   38.48  
46.86   22.37  
15.99   15.98  
0.00    0.00   
# Capacity: 39
0.00    0.00   
0.00    0.00   
60.51   44.86  
65.42   51.14  
73.17   55.52  
77.42   58.09  
85.23   63.18  
91.82   67.44  
100.75  77.72  
117.41  90.46  
138.68  110.81 
152.64  130.19 
168.41  118.83 
176.82  127.06 
181.38  129.63 
182.07  128.76 
182.08  120.55 
179.95  116.27 
169.61  115.03 
159.67  106.26 
155.51  119.73 
148.94  133.30 
166.11  124.69 
184.12  124.42 
188.33  130.93 
185.69  130.62 
191.26  139.07 
195.95  136.69 
205.70  145.84 
193.91  159.95 
192.61  129.36 
193.07  131.68 
190.60  120.18 
182.04  122.94 
176.22  113.30 
165.72  111.45 
154.98  109.05 
158.68  109.34 
147.97  120.19 
159.82  115.66 
178.61  127.02 
190.08  144.21 
215.56  162.33 
223.60  176.23 
247.83  168.19 
258.57  181.34 
259.54  179.98 
259.56  172.78 
263.38  165.62 
256.34  166.03 
251.85  168.88 
253.29  172.27 
220.85  185.22 
204.41  133.38 
209.25  136.50 
199.94  125.63 
178.20  114.64 
159.09  102.26 
147.89  94.32  
135.63  85.08  
112.97  79.18  
98.28   69.89  
99.16   67.77  
105.19  73.19  
105.89  72.98  
108.75  75.97  
107.62  72.07  
103.31  66.72  
98.00   66.78  
93.26   61.48  
92.22   63.23  
93.57   70.90  
98.25   73.07  
99.01   77.89  
101.43  71.79  
102.31  66.82  
98.80   64.33  
90.00   61.51  
82.40   55.89  
79.42   52.28  
76.34   54.07  
77.59   59.68  
82.23   64.78  
97.86   78.07  
101.53  94.15  
113.35  84.89  
117.11  77.56  
109.46  72.96  
103.65  68.86  
87.98   72.85  
85.53   59.39  
86.50   57.66  
85.37   55.28  
81.40   54.87  
79.12   54.23  
83.40   60.32  
84.06   58.61  
84.13   56.66  
77.74   49.87  
67.00   40.34  
46.90   19.72  
15.99   15.99  
0.00    0.00   
# Capacity: 40
0.00    0.00   
0.00    0.00   
62.29   45.56  
66.96   48.92  
72.98   54.70  
79.36   56.44  
83.06   57.83  
89.47   66.61  
100.01  74.36  
116.47  89.10  
138.17  106.85 
153.38  123.96 
169.80  122.72 
178.31  125.84 
179.37  127.69 
183.50  123.76 
180.53  121.56 
176.23  112.88 
164.89  115.60 
162.02  112.70 
153.78  119.44 
149.16  131.55 
170.13  117.93 
176.65  127.82 
186.16  126.17 
187.18  131.31 
193.18  138.04 
205.24  132.42 
204.91  141.16 
190.20  157.80 
190.82  131.30 
191.86  139.12 
195.11  123.60 
182.44  116.39 
175.70  107.16 
167.51  108.30 
157.67  110.86 
156.06  107.76 
151.70  118.47 
157.25  109.53 
176.59  128.55 
190.72  134.13 
215.79  159.32 
230.05  185.35 
240.38  168.29 
260.06  173.29 
263.62  176.77 
256.90  175.39 
257.34  167.98 
255.22  166.50 
248.74  168.00 
247.43  167.89 
216.85  179.60 
210.37  134.85 
204.93  125.81 
200.62  124.12 
180.62  118.02 
161.13  102.79 
152.35  92.42  
135.29  82.46  
111.95  79.06  
99.02   67.26  
100.07  70.95  
104.57  73.88  
105.51  71.21  
109.77  72.66  
106.08  70.14  
105.98  64.53  
98.21   65.34  
94.85   62.51  
90.70   62.04  
94.80   67.42  
98.70   74.51  
99.15   76.19  
101.47  70.71  
100.85  70.52  
97.59   63.01  
90.12   59.76  
82.88   54.91  
78.47   52.45  
78.40   54.18  
78.91   56.82  
84.96   65.08  
97.57   77.42  
102.88  95.90  
112.17  82.97  
114.42  75.14  
108.58  75.17  
103.94  67.65  
87.80   71.48  
82.97   62.83  
86.68   58.20  
84.38   53.97  
79.43   55.11  
79.48   54.92  
79.78   56.92  
84.24   57.33  
81.03   53.21  
77.68   50.62  
66.32   34.89  
46.84   20.63  
16.00   15.98  
0.00    0.00   
# Capacity: 41
0.00    0.00   
0.00    0.00   
0.00    0.00   
61.52   46.42  
65.54   45.66  
67.02   48.50  
77.97   49.16  
78.84   59.60  
89.25   64.49  
109.22  80.18  
123.64  93.41  
135.68  108.51 
144.31  102.09 
160.93  114.99 
159.87  111.68 
171.81  113.46 
159.67  106.39 
164.14  104.24 
159.43  92.96  
151.13  96.15  
139.69  106.59 
138.23  111.36 
153.72  107.06 
159.52  109.35 
163.72  115.62 
169.87  115.05 
178.38  122.73 
188.91  121.93 
190.40  129.02 
171.25  136.85 
171.19  119.35 
181.44  125.70 
182.14  106.68 
173.11  98.59  
163.91  100.67 
161.77  97.56  
148.93  93.84  
143.44  94.07  
138.65  105.63 
141.35  98.80  
166.75  115.34 
171.57  111.48 
193.68  144.40 
211.69  165.03 
220.58  153.66 
231.30  156.61 
240.10  155.56 
246.72  147.31 
232.97  147.90 
232.51  136.13 
234.07  145.90 
226.32  147.58 
200.52  158.33 
188.86  121.78 
186.32  108.35 
168.86  114.92 
167.09  99.83  
152.66  93.73  
133.63  82.10  
124.33  73.36  
103.65  63.00  
89.78   56.98  
95.28   59.43  
93.35   64.20  
100.68  64.00  
100.58  69.90  
99.99   55.81  
99.81   57.57  
88.03   55.76  
84.59   55.23  
88.91   54.10  
88.06   59.06  
88.12   65.41  
83.92   68.60  
94.57   59.95  
96.72   60.01  
91.99   55.55  
84.20   51.53  
79.08   48.00  
68.73   49.52  
69.50   46.99  
63.94   54.35  
71.76   54.29  
89.12   65.70  
95.01   85.60  
100.30  75.29  
113.53  67.94  
106.03  64.28  
94.70   60.26  
84.31   64.77  
78.51   56.07  
77.83   44.94  
73.83   50.33  
73.27   47.26  
71.12   47.79  
75.44   51.79  
76.12   51.78  
72.96   45.83  
74.15   43.87  
64.94   34.76  
45.58   18.26  
15.34   15.44  
0.00    0.00   
# Capacity: 42
0.00    0.00   
0.00    0.00   
0.00    0.00   
61.70   46.30  
68.26   48.16  
66.17   52.29  
77.92   51.59  
77.01   55.91  
84.05   60.88  
107.55  76.70  
128.56  93.16  
139.37  113.77 
149.56  103.30 
164.49  104.21 
161.63  113.37 
173.10  105.11 
162.22  105.83 
160.52  101.56 
154.73  92.44  
147.09  89.02  
139.53  107.44 
130.24  114.16 
155.74  108.85 
169.50  98.47  
168.56  107.78 
168.37  109.30 
177.94  112.45 
181.66  109.47 
178.93  118.26 
165.05  140.25 
185.26  116.69 
176.08  108.05 
178.68  105.45 
171.25  93.31  
160.31  100.07 
152.86  94.39  
149.82  100.19 
135.55  95.87  
139.29  94.49  
137.68  95.71  
155.71  109.78 
170.80  120.80 
184.75  136.95 
191.20  161.86 
230.55  147.36 
222.90  155.82 
241.19  157.77 
235.70  154.35 
242.14  138.35 
224.39  144.48 
236.94  145.14 
230.98  145.95 
206.61  160.83 
193.15  127.01 
189.33  113.18 
188.66  107.10 
162.68  99.44  
143.00  89.56  
142.28  85.96  
124.75  71.33  
99.09   74.62  
86.51   56.69  
92.93   61.50  
97.24   61.69  
98.23   68.64  
98.10   65.50  
96.39   56.09  
96.75   59.19  
91.13   56.55  
89.41   53.44  
83.73   54.27  
87.61   59.73  
90.37   64.39  
91.09   69.61  
93.48   60.88  
94.53   61.81  
91.73   60.67  
80.15   52.14  
78.17   46.33  
74.66   45.09  
68.19   40.48  
71.18   48.49  
76.59   55.18  
86.36   65.04  
95.34   83.66  
107.25  70.74  
107.37  65.00  
100.77  62.57  
93.46   61.66  
81.60   63.33  
74.68   53.43  
79.44   49.76  
74.81   44.57  
74.17   48.58  
78.17   45.85  
74.29   54.79  
76.83   47.62  
78.24   50.32  
74.08   42.45  
63.19   29.73  
43.72   19.52  
15.22   15.52  
0.00    0.00   
# Capacity: 43
0.00    0.00   
0.00    0.00   
0.00    0.00   
59.17   43.26  
63.28   47.26  
66.45   50.26  
75.74   50.35  
76.75   55.37  
84.86   61.60  
102.68  77.83  
123.51  96.48  
137.20  106.20 
160.47  101.48 
153.73  112.53 
159.55  106.44 
164.36  107.40 
172.54  99.63  
162.13  105.91 
151.70  90.11  
150.46  89.62  
140.41  104.88 
131.74  115.16 
156.55  99.97  
163.80  111.04 
172.82  113.48 
178.10  114.01 
156.82  120.16 
165.94  124.30 
181.09  119.25 
176.19  138.44 
181.06  114.41 
174.09  107.66 
185.22  104.54 
162.57  95.95  
163.00  100.10 
154.57  93.87  
147.66  88.49  
142.54  93.54  
127.86  93.41  
140.92  101.30 
150.73  112.94 
162.95  106.78 
192.50  141.28 
208.33  159.68 
226.96  140.16 
251.77  142.01 
240.56  156.94 
239.92  145.67 
230.45  141.18 
239.55  130.26 
228.74  149.70 
232.60  147.41 
202.71  147.93 
190.06  109.81 
191.08  102.97 
177.13  111.63 
156.31  102.35 
151.55  88.82  
134.41  81.13  
126.43  66.86  
98.26   68.41  
90.94   60.39  
91.34   57.81  
99.53   60.76  
96.49   63.94  
99.77   59.28  
99.40   60.89  
86.11   54.25  
90.51   56.36  
86.27   52.36  
87.40   50.25  
76.80   58.54  
88.94   63.69  
87.40   65.28  
91.51   59.48  
89.57   54.69  
90.45   53.03  
82.24   52.79  
78.22   47.57  
71.80   44.94  
73.01   43.55  
69.82   52.24  
77.10   53.28  
89.29   67.56  
87.47   82.51  
103.86  62.94  
108.96  65.94  
104.01  59.63  
94.93   57.22  
81.18   62.04  
73.69   52.95  
81.50   46.68  
75.94   48.33  
71.91   46.63  
66.49   47.41  
72.96   50.29  
77.13   49.49  
78.89   44.32  
73.72   45.12  
63.51   33.69  
45.06   17.25  
15.68   15.61  
0.00    0.00   
# Capacity: 44
0.00    0.00   
0.00    0.00   
0.00    0.00   
58.90   41.92  
65.16   43.26  
70.75   49.36  
74.10   52.35  
80.77   53.91  
93.70   65.06  
104.53  80.18  
116.46  95.75  
139.05  111.45 
144.78  102.66 
164.42  107.56 
160.97  110.94 
168.31  101.60 
166.74  96.59  
164.56  93.34  
152.36  92.77  
145.48  87.17  
136.09  103.95 
134.91  112.15 
153.55  105.79 
156.62  114.87 
163.20  103.58 
172.87  103.24 
169.22  117.37 
183.85  113.25 
184.42  126.45 
173.41  136.93 
170.75  112.99 
180.87  121.87 
180.88  101.65 
168.21  95.16  
160.84  93.72  
148.22  97.51  
149.11  86.33  
131.47  88.35  
133.24  96.16  
137.82  92.96  
159.46  109.96 
176.84  125.88 
184.91  130.36 
190.69  154.60 
219.58  148.95 
235.21  144.81 
229.09  152.49 
235.83  138.92 
223.62  148.18 
232.53  147.27 
231.44  135.22 
224.83  141.85 
195.33  165.44 
179.24  112.18 
182.31  113.99 
177.04  103.90 
166.85  103.95 
144.66  82.96  
134.35  78.65  
127.16  72.08  
103.18  66.44  
86.05   56.11  
87.43   55.57  
88.86   58.44  
93.83   63.66  
100.81  60.84  
97.20   57.03  
91.50   57.14  
91.80   53.29  
86.13   53.07  
79.40   54.61  
87.34   56.67  
83.63   53.05  
89.35   64.11  
89.32   63.37  
97.94   60.08  
92.84   53.23  
81.88   51.70  
74.11   43.41  
71.79   43.14  
71.07   44.60  
70.83   49.18  
78.66   51.01  
90.78   64.86  
95.46   81.88  
104.72  66.17  
106.63  65.76  
103.54  63.46  
97.78   64.59  
79.53   61.20  
78.74   50.47  
76.18   50.06  
78.38   45.59  
73.76   44.76  
73.65   45.06  
73.10   48.72  
78.88   51.26  
74.93   48.61  
69.53   40.95  
63.41   33.33  
44.72   19.39  
15.48   15.41  
0.00    0.00   
# Capacity: 45
0.00    0.00   
0.00    0.00   
0.00    0.00   
60.61   43.87  
63.28   43.87  
69.45   49.38  
76.67   51.83  
83.02   51.83  
86.03   63.17  
100.70  78.24  
125.23  91.25  
130.61  108.10 
160.43  95.81  
156.05  99.33  
154.25  106.84 
168.53  113.55 
163.46  97.94  
165.89  96.06  
164.83  91.44  
144.78  84.25  
140.70  104.32 
133.15  108.67 
151.65  97.72  
160.94  100.72 
167.89  102.62 
161.22  112.45 
173.52  104.31 
183.42  114.84 
191.68  119.52 
172.84  131.35 
169.71  112.14 
178.46  110.49 
161.37  103.18 
164.58  98.72  
144.73  93.34  
150.66  84.57  
145.34  86.28  
145.58  79.21  
132.36  101.48 
149.40  87.36  
150.55  95.22  
173.19  123.66 
193.55  139.06 
208.89  151.32 
217.23  132.96 
243.33  142.49 
233.65  151.49 
244.86  143.42 
234.55  140.09 
240.06  139.63 
232.98  141.87 
221.25  145.02 
197.19  163.95 
189.05  118.26 
186.28  109.09 
175.28  89.14  
165.21  95.63  
156.84  79.67  
137.59  72.86  
125.64  57.46  
103.77  70.95  
92.10   59.13  
95.44   49.19  
96.21   56.41  
95.33   60.52  
98.25   61.03  
95.34   56.76  
95.89   46.96  
86.86   53.67  
88.99   50.89  
80.94   54.07  
87.14   57.01  
90.80   58.21  
91.78   63.34  
91.17   59.04  
94.31   59.49  
88.27   53.92  
83.28   52.18  
72.24   47.69  
68.51   43.69  
63.95   44.12  
63.10   50.84  
77.27   56.36  
90.88   65.55  
96.55   79.46  
101.03  75.32  
97.92   64.07  
100.68  58.96  
96.29   58.21  
82.18   64.13  
77.36   54.06  
80.94   47.18  
71.29   48.10  
73.69   44.28  
73.65   45.52  
70.46   49.37  
81.85   51.51  
79.69   43.29  
69.54   40.96  
60.32   30.54  
44.10   15.47  
15.28   15.04  
0.00    0.00   
# Capacity: 46
0.00    0.00   
0.00    0.00   
0.00    0.00   
57.25   39.11  
62.54   47.14  
71.47   44.89  
77.72   49.46  
85.60   53.40  
83.38   62.03  
100.94  72.83  
119.28  91.62  
132.46  96.64  
154.65  93.12  
164.03  103.46 
163.71  99.22  
165.34  107.56 
173.17  101.57 
168.01  99.05  
154.79  95.67  
144.96  81.29  
133.57  103.42 
142.58  112.04 
151.80  99.90  
157.94  100.88 
170.57  104.38 
171.67  110.49 
166.33  110.42 
184.19  109.79 
176.33  114.11 
168.57  130.78 
182.78  108.40 
176.76  106.22 
176.35  94.45  
163.96  95.94  
162.71  85.62  
153.03  86.17  
146.44  88.84  
141.63  84.09  
136.21  89.33  
138.32  94.75  
162.81  101.78 
176.47  114.60 
196.47  135.23 
202.91  164.10 
217.55  143.05 
232.21  136.55 
235.61  134.77 
229.60  133.80 
243.87  143.54 
222.22  123.64 
221.64  121.83 
214.16  130.26 
200.71  149.32 
185.48  112.96 
188.84  109.73 
180.30  98.63  
162.37  95.06  
143.69  91.29  
134.26  73.69  
131.35  69.40  
106.91  66.59  
87.66   53.74  
88.92   57.68  
90.69   56.67  
94.31   61.43  
98.64   58.06  
96.84   54.50  
98.43   56.91  
87.16   50.71  
86.31   55.53  
83.34   50.25  
84.73   57.23  
89.15   62.49  
88.71   65.81  
93.45   52.56  
90.73   51.84  
82.29   51.49  
81.91   50.91  
72.24   46.48  
68.44   43.26  
70.72   44.58  
70.28   47.38  
77.63   54.94  
90.07   61.53  
95.21   82.81  
97.78   72.93  
106.40  61.84  
104.24  59.06  
92.15   55.08  
82.10   62.48  
76.87   50.30  
80.87   45.49  
75.08   45.70  
69.53   45.06  
71.77   44.53  
73.70   46.35  
78.32   48.77  
74.48   42.62  
72.48   40.37  
64.19   28.19  
44.86   17.41  
15.28   15.44  
0.00    0.00   
# Capacity: 47
0.00    0.00   
0.00    0.00   
0.00    0.00   
58.21   44.12  
60.53   45.21  
68.86   42.11  
75.34   47.28  
82.34   47.64  
88.95   64.45  
95.45   71.33  
125.44  80.57  
141.37  98.73  
160.63  101.98 
147.77  101.96 
166.58  101.70 
174.62  102.77 
172.53  93.81  
162.41  92.54  
157.59  88.47  
152.25  89.10  
133.94  95.67  
133.99  107.77 
154.88  90.73  
162.34  98.92  
155.79  103.69 
156.62  102.09 
172.42  112.31 
186.57  106.14 
175.85  114.59 
169.25  127.95 
173.25  99.44  
172.31  104.35 
169.39  102.42 
153.91  94.23  
158.15  86.37  
152.22  89.90  
147.63  89.42  
140.86  85.88  
129.10  91.52  
142.07  91.02  
126.07  105.76 
169.56  121.97 
188.57  126.69 
196.77  152.91 
235.68  134.02 
239.07  138.29 
238.48  138.48 
240.01  140.46 
237.60  128.80 
227.29  134.01 
226.46  130.36 
225.77  143.65 
196.45  146.47 
192.33  105.43 
188.03  101.66 
171.27  96.21  
154.45  88.80  
147.98  74.45  
131.04  70.40  
127.39  57.92  
98.06   66.22  
87.31   53.31  
90.33   58.76  
94.31   58.83  
101.36  60.17  
97.38   58.87  
97.32   55.12  
95.53   52.93  
88.74   50.26  
82.24   51.76  
78.22   51.80  
81.86   54.02  
83.37   58.12  
88.34   66.35  
85.46   56.20  
94.82   53.13  
85.87   51.99  
78.35   47.68  
68.57   43.30  
74.51   41.07  
68.55   44.61  
70.45   45.33  
77.09   51.11  
88.12   66.07  
93.23   78.92  
100.64  65.89  
108.52  55.73  
100.67  57.85  
91.52   57.22  
74.86   61.73  
77.32   46.68  
76.37   45.19  
77.22   44.60  
69.84   42.32  
75.79   42.62  
77.18   46.13  
77.89   46.85  
74.59   43.78  
72.41   33.11  
61.00   26.92  
44.71   15.16  
15.41   15.00  
0.00    0.00   
# Capacity: 48
0.00    0.00   
0.00    0.00   
0.00    0.00   
57.29   41.20  
62.32   44.73  
67.66   48.04  
76.19   45.03  
77.53   51.73  
91.19   61.93  
101.14  73.27  
117.81  85.49  
139.76  102.93 
147.44  98.54  
163.06  90.57  
164.66  100.80 
173.72  98.75  
164.53  71.43  
157.65  89.58  
143.10  76.76  
148.21  83.59  
139.12  99.97  
128.16  95.34  
151.51  98.96  
156.80  103.20 
160.67  95.25  
160.32  100.94 
177.23  107.31 
184.48  101.14 
183.36  110.50 
169.69  134.71 
174.53  101.64 
171.63  90.80  
169.14  99.27  
165.70  85.75  
150.31  86.05  
136.99  76.46  
135.69  85.07  
138.66  92.71  
127.60  91.01  
126.54  84.23  
156.47  105.14 
164.79  115.94 
197.93  136.34 
199.12  140.81 
228.85  133.97 
225.60  140.09 
218.43  148.28 
239.66  134.95 
227.37  139.10 
233.77  123.75 
225.08  134.97 
226.49  139.13 
203.55  144.79 
192.12  110.95 
191.05  95.04  
184.37  96.82  
162.40  94.10  
142.36  82.78  
135.43  65.07  
122.14  55.91  
101.05  64.79  
84.96   55.99  
88.69   49.98  
94.61   47.73  
100.14  53.34  
95.91   61.28  
99.61   51.97  
92.84   52.58  
87.41   49.82  
84.80   48.75  
78.42   52.84  
83.67   52.70  
86.26   59.43  
91.70   60.24  
85.69   56.95  
90.91   48.74  
89.41   51.13  
84.37   47.51  
75.05   42.04  
71.77   39.60  
72.33   41.20  
67.55   43.76  
70.87   46.60  
85.16   59.33  
92.75   73.48  
101.60  62.31  
108.96  62.96  
99.69   57.60  
88.23   53.68  
78.91   61.76  
76.26   47.45  
79.01   42.55  
74.06   36.34  
71.86   40.86  
72.25   45.51  
71.78   48.22  
69.77   47.01  
74.27   45.88  
66.59   36.74  
57.13   28.26  
44.58   15.40  
15.46   15.15  
0.00    0.00   
# Capacity: 49
0.00    0.00   
0.00    0.00   
0.00    0.00   
55.93   39.58  
64.22   43.69  
68.76   45.29  
79.26   45.97  
80.14   53.28  
84.96   63.43  
107.28  75.92  
119.93  81.92  
137.84  101.48 
133.26  95.97  
150.70  94.16  
162.31  101.26 
162.98  89.63  
157.71  91.41  
163.63  88.60  
156.25  87.78  
144.58  87.46  
138.35  101.88 
126.05  105.13 
141.34  96.59  
169.37  104.91 
164.50  100.89 
168.38  105.32 
162.73  108.33 
174.19  107.82 
184.00  111.45 
171.05  115.67 
177.83  97.46  
176.49  96.10  
179.09  93.19  
162.10  91.60  
159.09  82.95  
148.96  78.19  
146.72  82.16  
137.58  90.12  
129.50  97.15  
138.71  89.02  
153.84  93.76  
175.17  121.13 
176.75  122.87 
194.48  139.15 
214.13  129.03 
218.52  138.33 
240.00  135.19 
237.13  117.06 
233.19  132.90 
222.04  125.68 
225.62  128.99 
235.06  130.63 
187.91  149.51 
188.84  111.64 
190.53  103.54 
179.88  98.51  
168.80  87.14  
146.96  87.73  
134.65  71.80  
121.52  61.45  
99.46   62.41  
83.72   55.99  
89.29   51.76  
90.84   55.74  
97.01   60.44  
96.29   58.87  
100.19  52.61  
91.59   52.01  
82.63   47.60  
85.07   53.52  
82.56   52.27  
83.05   47.26  
89.39   61.35  
90.87   60.54  
91.72   52.22  
91.21   47.98  
86.52   43.29  
81.90   45.02  
73.88   42.33  
73.36   41.28  
68.56   39.16  
61.33   48.61  
72.25   55.36  
89.25   64.15  
93.42   70.48  
98.83   60.92  
106.35  59.05  
99.76   58.33  
91.01   49.09  
74.77   61.79  
75.79   46.83  
77.83   46.98  
76.57   44.48  
71.41   39.82  
70.70   45.59  
67.81   44.03  
77.61   42.74  
72.74   41.49  
70.67   38.19  
60.64   28.01  
43.81   13.67  
15.48   14.83  
0.00    0.00   
# Capacity: 50
37.43   37.41  
49.74   49.75  
0.00    0.00   
0.00    0.00   
0.00    0.00   
0.00    0.00   
0.00    0.00   
0.00    0.00   
0.00    0.00   
0.00    0.00   
0.00    0.00   
0.00    0.00   
0.00    0.00   
0.00    0.00   
0.00    0.00   
0.00    0.00   
0.00    0.00   
0.00    0.00   
0.00    0.00   
0.00    0.00   
0.00    0.00   
0.00    0.00   
0.00    0.00   
0.00    0.00   
0.00    0.00   
0.00    0.00   
0.00    0.00   
0.00    0.00   
0.00    0.00   
0.00    0.00   
0.00    0.00   
0.00    0.00   
0.00    0.00   
0.00    0.00   
0.00    0.00   
0.00    0.00   
0.00    0.00   
0.00    0.00   
0.00    0.00   
0.00    0.00   
0.00    0.00   
0.00    0.00   
0.00    0.00   
0.00    0.00   
0.00    0.00   
0.00    0.00   
0.00    0.00   
0.00    0.00   
0.00    0.00   
0.00    0.00   
0.00    0.00   
0.00    0.00   
0.00    0.00   
0.00    0.00   
0.00    0.00   
0.00    0.00   
0.00    0.00   
0.00    0.00   
0.00    0.00   
0.00    0.00   
0.00    0.00   
0.00    0.00   
0.00    0.00   
0.00    0.00   
0.00    0.00   
0.00    0.00   
0.00    0.00   
0.00    0.00   
0.00    0.00   
0.00    0.00   
0.00    0.00   
0.00    0.00   
0.00    0.00   
0.00    0.00   
0.00    0.00   
0.00    0.00   
0.00    0.00   
0.00    0.00   
0.00    0.00   
0.00    0.00   
0.00    0.00   
0.00    0.00   
0.00    0.00   
0.00    0.00   
0.00    0.00   
0.00    0.00   
0.00    0.00   
0.00    0.00   
0.00    0.00   
0.00    0.00   
0.00    0.00   
0.00    0.00   
0.00    0.00   
0.00    0.00   
0.00    0.00   
0.00    0.00   
0.00    0.00   
0.00    0.00   
0.00    0.00   
0.00    0.00   
0.00    0.00   
0.00    0.00   
0.00    0.00   
# Capacity: 51
